0 [51.54397350138228, -0.13662925026704376]
1 [51.549633185095914, -0.134861369348358]
2 [51.51714309260653, -0.12769387419928555]
3 [51.52031317117148, -0.10840336590787265]
4 [51.527708377490484, -0.12010541102136868]
5 [51.54435538195092, -0.1415236989571566]
6 [51.53452348416529, -0.1403487035441292]
7 [51.52655615414696, -0.12496915965442953]
8 [51.5366907363172, -0.1340720934779725]
9 [51.55023392956308, -0.140027614147205]
10 [51.52985158432974, -0.11841908287100976]
11 [51.52814583378138, -0.12019795534748028]
12 [51.527371900275924, -0.12833207851554787]
13 [51.530784449658654, -0.12972765836976902]
14 [51.53826006090274, -0.1378686645196105]
15 [51.51982463545018, -0.1238035504829416]
16 [51.518979003940146, -0.11596986473115066]
17 [51.51436559206129, -0.12773327438133497]
18 [51.516924917034615, -0.12864388231657164]
19 [51.52987117953889, -0.1416302332299827]
20 [51.546543368368674, -0.14272809843024423]
21 [51.53062691133344, -0.1331036885157571]
22 [51.54953811728353, -0.13964284881996947]
23 [51.52937683878325, -0.12826593060740002]
24 [51.54701593651096, -0.15149936391237606]
25 [51.52145550615887, -0.12127309034752133]
26 [51.51753421483602, -0.13303052808870697]
27 [51.543629162673085, -0.17260536054799946]
28 [51.56164937054383, -0.15035924374232915]
29 [51.541646522980315, -0.13676007710049165]
30 [51.519149866599385, -0.11495267446166862]
31 [51.51977833303107, -0.11600005832878885]
32 [51.535697600438674, -0.14280424340666717]
33 [51.54634024132564, -0.16497509526110293]
34 [51.51752885902597, -0.1289234757687811]
35 [51.54827640514071, -0.13880069850111607]
36 [51.54490602740273, -0.15842531208859364]
37 [51.52624975305221, -0.11843438193628592]
38 [51.525640108522296, -0.143293996360909]
39 [51.51863112786228, -0.13271441995248046]
40 [51.516410406967225, -0.12127658233631008]
41 [51.547969794325276, -0.14078135910593642]
42 [51.56202455169185, -0.14877347850083456]
43 [51.55652117251589, -0.16661171797636964]
44 [51.52636069713847, -0.13536617603189643]
45 [51.54710713711626, -0.14157378849383134]
46 [51.52070018521759, -0.11778561465280046]
47 [51.523634322452, -0.12677046232880756]
48 [51.53633506474397, -0.13822474823605002]
49 [51.54203833870182, -0.13864091900361386]
50 [51.51985691328551, -0.12113307372287699]
51 [51.54229331756156, -0.14504718646608855]
52 [51.54016551013955, -0.15920268547354002]
53 [51.520405695393805, -0.11158060488421546]
54 [51.522598191854996, -0.1262018216274086]
55 [51.53265993547638, -0.13570174831654291]
56 [51.55275740568168, -0.15787804284069612]
57 [51.517928213908164, -0.12176461852312359]
58 [51.518223770221425, -0.12208527372550415]
59 [51.5216479684821, -0.12204743521386739]
60 [51.56164438375228, -0.15041951012116808]
61 [51.55393878857244, -0.15491275153540873]
62 [51.543808507363494, -0.13874511463373262]
63 [51.55470480918132, -0.16583464397577202]
64 [51.54103284135823, -0.1568462776779315]
65 [51.54440526807848, -0.1378413337441241]
66 [51.54018842551858, -0.1596638953636812]
67 [51.51994222691813, -0.13134653807667546]
68 [51.51872753168696, -0.1167793907171267]
69 [51.540984460059406, -0.14345624759760922]
70 [51.521734443762384, -0.10847040026557164]
71 [51.51970072257629, -0.1370218160360685]
72 [51.52345099607996, -0.11642542016501839]
73 [51.53415394206114, -0.14021901010619583]
74 [51.519519533191584, -0.11828698637216814]
75 [51.55336951339355, -0.15714700522215364]
76 [51.52089613783457, -0.13260247308775164]
77 [51.54656546580475, -0.16421225726398675]
78 [51.53170495984294, -0.14143387512048883]
79 [51.52266374359288, -0.11574198945516417]
80 [51.533280630640064, -0.14042602981915475]
81 [51.54305293482902, -0.1646031955863888]
82 [51.5525336963692, -0.15189659860349947]
83 [51.52230772091678, -0.14089767722758864]
84 [51.52288092023022, -0.11341623644786616]
85 [51.544679219013275, -0.14372876347965235]
86 [51.54406571322206, -0.13700615871344624]
87 [51.56192281906878, -0.1495155149709918]
88 [51.5463424856181, -0.14388891958127076]
89 [51.53876520785927, -0.14152527768966994]
90 [51.51721876111048, -0.11736885977428783]
91 [51.51670639276911, -0.12610936575282466]
92 [51.526647982836415, -0.12551964525095455]
93 [51.52287646156617, -0.11481577710421381]
94 [51.51869651539502, -0.1293382861485808]
95 [51.522567811237465, -0.1178217873312915]
96 [51.52766874301237, -0.13522764310171734]
97 [51.53489570700488, -0.1333932395291862]
98 [51.55001942045382, -0.1490001416013364]
99 [51.52538942533221, -0.13146478731539582]
100 [51.5508864919795, -0.1696179155583359]
101 [51.555350256284115, -0.16635376564969157]
102 [51.541858656985255, -0.1410419183928227]
103 [51.52331366794587, -0.1350217475601065]
104 [51.52936263006504, -0.14140247269662454]
105 [51.52308809665679, -0.1347954379867192]
106 [51.55012951737483, -0.1326499453982104]
107 [51.527797611890435, -0.11832067461585617]
108 [51.5175879140031, -0.12543021254303516]
109 [51.534988481853375, -0.141718207338007]
110 [51.52805926641097, -0.12704125534392935]
111 [51.543716229844485, -0.16118472696364228]
112 [51.54612561845515, -0.1476518140529752]
113 [51.52149472440466, -0.12258250982037266]
114 [51.54756374575017, -0.12990464965998924]
115 [51.52110103161151, -0.12979188512077044]
116 [51.522033205624325, -0.11539982392621781]
117 [51.54263010942689, -0.13936160834501088]
118 [51.5203938449893, -0.1289989490509586]
119 [51.51773427929734, -0.12260281350451631]
120 [51.5559961757762, -0.14923946343008415]
121 [51.55055631238004, -0.15109092786220119]
122 [51.55032187344854, -0.16502660805195163]
123 [51.51959441574749, -0.1229576076504364]
124 [51.539718504428635, -0.15272939976248698]
125 [51.52519133985326, -0.14305210423941955]
126 [51.52573131676357, -0.13355097248850722]
127 [51.52333018739435, -0.12520048495026526]
128 [51.55786228030167, -0.14784561514545425]
129 [51.51813081184244, -0.1339781113402943]
130 [51.54200703560272, -0.1562290833632492]
131 [51.54606025435851, -0.1439460729667996]
132 [51.52189800405134, -0.1404016941168399]
133 [51.539464719563234, -0.13535700504129272]
134 [51.52037193700539, -0.12614312941191055]
135 [51.53575924490996, -0.14623877899241167]
136 [51.526670394348585, -0.12469642535633088]
137 [51.51902036360171, -0.11592578561572216]
138 [51.535840230952644, -0.1414724419821621]
139 [51.55867940249655, -0.143690136465074]
140 [51.53840170924255, -0.13348084055753445]
141 [51.54907834517746, -0.13862875607271385]
142 [51.52851846248571, -0.1417145689519893]
143 [51.519528769528414, -0.1321997412495325]
144 [51.557343789492904, -0.16794351198540725]
145 [51.53612013470574, -0.14173122242428388]
146 [51.53751468132759, -0.14299183621974193]
147 [51.52138857913074, -0.13626076150889097]
148 [51.523922780220744, -0.1405987202024057]
149 [51.52758712008974, -0.12816860326058158]
150 [51.52851715374308, -0.14233462395097035]
151 [51.55092921802255, -0.1492979667785519]
152 [51.51543517571481, -0.12121121930714124]
153 [51.54322253843492, -0.14907375934373035]
154 [51.53063752739966, -0.1330613457641543]
155 [51.542669873790885, -0.1663618041701679]
156 [51.54158538325107, -0.13693710414432916]
157 [51.516032269602405, -0.11820124255414499]
158 [51.5536019404704, -0.16240459625858242]
159 [51.52632903406391, -0.1393537175505669]
160 [51.54646728524388, -0.16133524472933258]
161 [51.54208922779985, -0.15497659673315492]
162 [51.521109651616484, -0.12151871761079647]
163 [51.53827585802662, -0.14140709973403023]
164 [51.5191120498379, -0.11696545074708858]
165 [51.53133823634094, -0.13338130754358674]
166 [51.53759079091733, -0.14310713842218964]
167 [51.54922907140429, -0.17157878496503226]
168 [51.529197727222986, -0.1313607709683355]
169 [51.54088966569019, -0.14382728244249407]
170 [51.542365264475436, -0.14692547933309974]
171 [51.53849319761376, -0.13094909570599994]
172 [51.52054045224618, -0.1299760745268349]
173 [51.54912288810928, -0.14578695115925178]
174 [51.54540400981845, -0.1413425420204156]
175 [51.53661477568415, -0.13659416115774858]
176 [51.52709665678554, -0.13757369995442026]
177 [51.551769313739484, -0.15732948068570685]
178 [51.538119757972964, -0.14353666065298712]
179 [51.52032479319581, -0.11199814356195086]
180 [51.537928915108964, -0.13309378711281644]
181 [51.560952884130046, -0.14470976502563618]
182 [51.54877580141773, -0.14079615050379274]
183 [51.544715125583124, -0.14372647559254173]
184 [51.52679292691729, -0.12439156372618218]
185 [51.52965571563679, -0.12340411343161134]
186 [51.543660211874126, -0.15197648639438988]
187 [51.51643242923771, -0.1275228030950307]
188 [51.544592339485334, -0.13434470802236598]
189 [51.52911014220474, -0.12333702168159251]
190 [51.55616777073981, -0.14763481604126089]
191 [51.542420918682815, -0.1415248550706114]
192 [51.52245884445905, -0.12654153566887993]
193 [51.52049438886413, -0.13685786650353796]
194 [51.54079134962518, -0.1649849995267776]
195 [51.52853012797005, -0.13981399096317632]
196 [51.539283665528416, -0.1409878014369232]
197 [51.52425196958287, -0.13890612178956135]
198 [51.55239954606505, -0.14100996541349908]
199 [51.5480305558889, -0.14089986997001608]
200 [51.54660384468771, -0.1647881460671608]
201 [51.526101412608966, -0.14046348293045657]
202 [51.540892475487325, -0.1574304991354118]
203 [51.536566132473766, -0.14213489174410288]
204 [51.53932623033894, -0.1347170111411851]
205 [51.55837042042316, -0.14837086231682856]
206 [51.53273907111155, -0.1399946747775616]
207 [51.545767476193305, -0.14066507370609502]
208 [51.543921042905765, -0.1556352047086949]
209 [51.518917115439315, -0.11672302781921756]
210 [51.52217012814218, -0.10956111715707016]
211 [51.51770773005636, -0.13039334842583428]
212 [51.55074981489246, -0.15557908034194556]
213 [51.53390538713316, -0.14373671691914078]
214 [51.539031540033086, -0.15221691000560778]
215 [51.54400108158349, -0.13260721091444416]
216 [51.51842781518169, -0.13321186589205392]
217 [51.52375965246339, -0.12553978381862943]
218 [51.52159329200478, -0.12195040171418059]
219 [51.51870042998918, -0.12502198446889584]
220 [51.54374136046922, -0.13966170807766848]
221 [51.54088344014505, -0.1563425728490065]
222 [51.521105298498384, -0.1270611459873936]
223 [51.52549883913048, -0.13029910559849012]
224 [51.52058923064462, -0.12472767210642859]
225 [51.520682279717626, -0.1331756434593524]
226 [51.54445898869283, -0.1492294798000189]
227 [51.55191913187785, -0.17151163499249383]
228 [51.52562242544154, -0.13173374297675172]
229 [51.54978003350834, -0.17089300201196206]
230 [51.519076923317726, -0.11538241586164905]
231 [51.519548683280675, -0.11847577230379189]
232 [51.519936359001036, -0.11516654356680728]
233 [51.555321670027354, -0.16604207401027]
234 [51.51932739850106, -0.11926575262219477]
235 [51.557335776167875, -0.1680208473335366]
236 [51.53723869258779, -0.1345428480874666]
237 [51.51820209631217, -0.12405439404839251]
238 [51.52174887622192, -0.12279922365305951]
239 [51.54536835231601, -0.1413522895952728]
240 [51.52323685362118, -0.11066399425592503]
241 [51.52408473110924, -0.13909120225086388]
242 [51.54189281510027, -0.15465780809068902]
243 [51.543377653413565, -0.17217471014983998]
244 [51.54321558075655, -0.16250449696742691]
245 [51.55215573447377, -0.1406459445889241]
246 [51.51835910353127, -0.1166159064843813]
247 [51.51840791261536, -0.1314303504852881]
248 [51.53927701877964, -0.1411128144383579]
249 [51.52336225658784, -0.12360634016286405]
250 [51.55986577337298, -0.17261510328598617]
251 [51.52336640911128, -0.14119534639960613]
252 [51.52557772373024, -0.12549130262992536]
253 [51.52916703779445, -0.12310448578434197]
254 [51.521203636892025, -0.11827613834750861]
255 [51.54969484305635, -0.14023348117685513]
256 [51.55298492649549, -0.1433355964775332]
257 [51.53765351700199, -0.14460353078212984]
258 [51.52765611650718, -0.12718632892215115]
259 [51.54872567928547, -0.13997815387160722]
260 [51.52554856809478, -0.13285649246216782]
261 [51.543520249271026, -0.1485386030378468]
262 [51.523022967655805, -0.11768552221475503]
263 [51.51891234021771, -0.11648989116111251]
264 [51.53097935714, -0.13349681416599227]
265 [51.53242602702743, -0.1300223384902788]
266 [51.517437121607195, -0.12932905731776734]
267 [51.52677070428801, -0.12637593525731622]
268 [51.55695951968042, -0.16855274877831763]
269 [51.53754752262698, -0.1329591938405072]
270 [51.51970571059072, -0.10820118850989176]
271 [51.523140127691136, -0.12459381451553872]
272 [51.529351369476956, -0.12386869736524561]
273 [51.523987263237515, -0.12572073264401928]
274 [51.52644131942732, -0.14091242942629117]
275 [51.52086813298161, -0.11599817372773027]
276 [51.55366821884482, -0.14214229881671936]
277 [51.54511738721311, -0.14397481055292688]
278 [51.54091714174882, -0.15745985410413882]
279 [51.51944503535121, -0.13670172076729764]
280 [51.545811653899975, -0.13022276286330886]
281 [51.55580536779541, -0.14906187607161347]
282 [51.534717467683016, -0.13191992256859733]
283 [51.55309375394965, -0.14312892479825662]
284 [51.516484172903176, -0.1149997405972912]
285 [51.52019221184055, -0.1162402083909484]
286 [51.519746969713424, -0.13604444808938737]
287 [51.533660032433936, -0.14101302092753598]
288 [51.54082908686598, -0.16497192356317758]
289 [51.51769579247637, -0.13283547003657095]
290 [51.52595102403145, -0.1364398948866222]
291 [51.52102809948761, -0.13239016103841694]
292 [51.52617223063416, -0.11834358327168076]
293 [51.527835007234614, -0.12735008654158536]
294 [51.547299705012634, -0.14125163365183485]
295 [51.53436147084521, -0.13949446522640416]
296 [51.56186694141357, -0.1497019800309]
297 [51.528544304072554, -0.1258055823932176]
298 [51.54838607698648, -0.14637192512872038]
299 [51.52933527445374, -0.1226963537384244]
300 [51.54137893196756, -0.1536773163096064]
301 [51.52317856855245, -0.1276835361995215]
302 [51.54901486601519, -0.14775343085204407]
303 [51.543330092533395, -0.1399967486007571]
304 [51.52432224238275, -0.13875716330606053]
305 [51.52760908625976, -0.1371197786247041]
306 [51.53488214666045, -0.14064325337932482]
307 [51.518154920847365, -0.13401627876167865]
308 [51.52680622219144, -0.12484874807008972]
309 [51.55381098624542, -0.1639561612688674]
310 [51.52128691961266, -0.11900495161965785]
311 [51.546532815602276, -0.14387631943039025]
312 [51.56035924074034, -0.15014569989536497]
313 [51.55437371285076, -0.1656504514203368]
314 [51.55434874966118, -0.17213680867522396]
315 [51.519805809957774, -0.12233503641066953]
316 [51.52320256197921, -0.14102945205873363]
317 [51.5179017485543, -0.1252423483552486]
318 [51.55322493137051, -0.16153796737632042]
319 [51.52218273776505, -0.1377079292815826]
320 [51.52157318407001, -0.12103460551619935]
321 [51.52964924320409, -0.12854077794327418]
322 [51.51977006782897, -0.11507485306871713]
323 [51.55721033342101, -0.1699466965047183]
324 [51.54542914741812, -0.14625959414201878]
325 [51.523752312325904, -0.12829238804513815]
326 [51.55037733291912, -0.1493379526792325]
327 [51.51488906382089, -0.12775511459902444]
328 [51.52442899140259, -0.13828117216530136]
329 [51.52415043642419, -0.11667289753591939]
330 [51.526488491716776, -0.11836755892169956]
331 [51.527664971419725, -0.12675725707632213]
332 [51.541047441035886, -0.14268174324801614]
333 [51.53973112618927, -0.15285912216416425]
334 [51.55864415415863, -0.1437062203095248]
335 [51.523705922803096, -0.1150890192276735]
336 [51.54203204696164, -0.15758085446025677]
337 [51.52545828179944, -0.13281668216184173]
338 [51.528926872499554, -0.1320435281040463]
339 [51.5174720682074, -0.11555999721899057]
340 [51.51844307558747, -0.13326762302309864]
341 [51.52548988628566, -0.14301825200086477]
342 [51.5427620755994, -0.13299144968298826]
343 [51.54148222888262, -0.1372378648286493]
344 [51.545919448718934, -0.1477900202136242]
345 [51.55266377600779, -0.1594776390449743]
346 [51.519171749730766, -0.12390938446038893]
347 [51.555846063462866, -0.1666061852276497]
348 [51.55725082630076, -0.16983460894999325]
349 [51.5440332096898, -0.1472128398149713]
350 [51.56110703827247, -0.14436941201003867]
351 [51.52373829188126, -0.14015575121315826]
352 [51.542257225705484, -0.15576850647710616]
353 [51.526829550244415, -0.1285556557427625]
354 [51.54594610200358, -0.1495708150164169]
355 [51.531066665368826, -0.13418598429783654]
356 [51.526223490543146, -0.13986680519434125]
357 [51.54586838830008, -0.16227198609004112]
358 [51.5284803151151, -0.1428329542197509]
359 [51.521547481612004, -0.11499069215643823]
360 [51.5202920440894, -0.12072668688353257]
361 [51.551305714972784, -0.1378563146949393]
362 [51.529374110617354, -0.13912836098311188]
363 [51.53209953010192, -0.1422220810859159]
364 [51.54374255345462, -0.14854667045486786]
365 [51.521357118977924, -0.11487195567664474]
366 [51.5416123184726, -0.15674788331219275]
367 [51.54020795522967, -0.1538945376510888]
368 [51.52081950139849, -0.11208777268581932]
369 [51.54996862316006, -0.14010935638822278]
370 [51.52072745805383, -0.10784134745352417]
371 [51.54110949584218, -0.1659299045883697]
372 [51.55526949230149, -0.13921851712088493]
373 [51.52975464841629, -0.13243432000789557]
374 [51.548257179713396, -0.13876809911123938]
375 [51.52111412709105, -0.1321913020460928]
376 [51.529522871858774, -0.12846608067839513]
377 [51.51549107581821, -0.12898963146723813]
378 [51.5461699757271, -0.13418232685731718]
379 [51.51776233170877, -0.1215846494687163]
380 [51.52632444991994, -0.1311947795234783]
381 [51.516083959747974, -0.12834173661928897]
382 [51.538202732866694, -0.13793796575852246]
383 [51.51993533271172, -0.11735706558435183]
384 [51.52786171803818, -0.11749763886691238]
385 [51.52159144313231, -0.13249592167765004]
386 [51.52642039522073, -0.13890624550480316]
387 [51.52486716798803, -0.1431390857731627]
388 [51.535554322221074, -0.13810688413453542]
389 [51.528530560944304, -0.139275034406209]
390 [51.53006848607558, -0.1438358519234336]
391 [51.52136674634019, -0.12726769138331273]
392 [51.539053204928024, -0.13423122169738116]
393 [51.519633494742806, -0.12364062944582357]
394 [51.52930901472095, -0.12824792151090875]
395 [51.52748465793335, -0.1239798044224062]
396 [51.53116204518963, -0.13393850202310797]
397 [51.55705966780522, -0.14580611370340146]
398 [51.543582100261794, -0.13241885580560697]
399 [51.54139660972481, -0.13749233200910915]
400 [51.537447618782736, -0.14446480599256722]
401 [51.53635694213237, -0.13638136352533253]
402 [51.544072575445384, -0.13680989410113806]
403 [51.52818204101194, -0.1255388490792465]
404 [51.522068816901495, -0.14060847176239105]
405 [51.539692633931054, -0.13534180554301917]
406 [51.54459402655789, -0.15197994204727552]
407 [51.52364642632823, -0.1417104754298677]
408 [51.51774096541398, -0.1304071672139182]
409 [51.52043518704071, -0.11883214976290699]
410 [51.51767820186846, -0.12577910172580534]
411 [51.52901468602657, -0.13184072143856534]
412 [51.53869685574661, -0.13379685512936762]
413 [51.543453894580786, -0.14420626468110392]
414 [51.52428349810571, -0.13156175296225148]
415 [51.5208786638521, -0.1327327040193372]
416 [51.524408989538344, -0.11725994624212191]
417 [51.52658696083866, -0.12156984770915213]
418 [51.52411907163566, -0.13950804269803638]
419 [51.53182465557856, -0.13963158872141151]
420 [51.54786436767276, -0.1412966526848124]
421 [51.52853037880024, -0.1397589565008323]
422 [51.535366196830566, -0.1333333322523094]
423 [51.54843343001204, -0.17027478499821352]
424 [51.519014726907656, -0.135332101816563]
425 [51.548750879273086, -0.1527349192967818]
426 [51.53208284003912, -0.1326598403606525]
427 [51.53793223298101, -0.146742540110886]
428 [51.523528288693356, -0.12216266596977401]
429 [51.52411393978947, -0.13970147563136825]
430 [51.525896964166854, -0.1225369184941833]
431 [51.55176442833195, -0.17142537802155688]
432 [51.5417163394343, -0.1398062290942747]
433 [51.55409372121528, -0.14041833975761348]
434 [51.52836474861367, -0.12506000815034257]
435 [51.52972677606239, -0.11890359889526722]
436 [51.540150154659045, -0.15385168643061312]
437 [51.52825307549574, -0.12654676370041307]
438 [51.54663126884958, -0.1447142779112551]
439 [51.541999894512124, -0.15751763007598585]
440 [51.541149133820525, -0.13668528611428254]
441 [51.55069255831165, -0.16962145161825992]
442 [51.52713592888614, -0.13767463428731636]
443 [51.523743738560455, -0.14126296247506115]
444 [51.5491478552402, -0.14789490700146296]
445 [51.53849283945456, -0.13770133598842388]
446 [51.53420112459314, -0.14017632227304005]
447 [51.521457803605294, -0.13300222474398954]
448 [51.54298108726495, -0.1664032415011607]
449 [51.520080142541445, -0.12050894144131138]
450 [51.52299712470072, -0.11605281018354341]
451 [51.5187713074812, -0.11736654595255111]
452 [51.52326610654769, -0.11627363336297439]
453 [51.53484824392649, -0.13359500367802118]
454 [51.523758669748695, -0.13100207545243997]
455 [51.54417322179226, -0.13820444061018122]
456 [51.536206076265536, -0.14328087979879636]
457 [51.545164331355224, -0.1420236312126662]
458 [51.540369715803266, -0.16011216777325044]
459 [51.541770442372076, -0.15714579498679035]
460 [51.557112284963765, -0.16828184108084598]
461 [51.55393635182001, -0.1549220273673534]
462 [51.523521927736866, -0.11237132147862448]
463 [51.53449114183715, -0.14036863285596626]
464 [51.520408923240204, -0.13380853688878247]
465 [51.52490376986382, -0.1431662470955573]
466 [51.52548491649206, -0.12979772160682868]
467 [51.524865228568984, -0.1313342626094231]
468 [51.546934818638114, -0.14361696021877957]
469 [51.536394219512346, -0.1388199922496388]
470 [51.542972118947404, -0.16643839633336777]
471 [51.54886610729413, -0.1719833548019603]
472 [51.52660184675259, -0.13709327269804727]
473 [51.519198673294426, -0.13077877574279065]
474 [51.553841521959384, -0.16385689949431798]
475 [51.52630036685563, -0.13678668589504608]
476 [51.51790882333838, -0.12217212144777086]
477 [51.52398270957791, -0.1401417922480894]
478 [51.53896036123879, -0.1364409778806926]
479 [51.52645386054766, -0.12532746661981464]
480 [51.539382664770535, -0.13831775661080495]
481 [51.52511967572063, -0.11586887307458364]
482 [51.53655224658289, -0.13019788699597915]
483 [51.52279723121541, -0.11561200360489761]
484 [51.53992947888548, -0.15323395762204745]
485 [51.531037389445345, -0.1299858740053259]
486 [51.520713241045726, -0.13310662786004734]
487 [51.553992248885706, -0.13828177700188893]
488 [51.55594156496356, -0.14913949405356602]
489 [51.536484772420295, -0.1376506759489285]
490 [51.51591184681497, -0.12551366484819146]
491 [51.547244494788686, -0.15438379165948274]
492 [51.51701753617252, -0.1281820476441129]
493 [51.546510213703144, -0.15819236323934205]
494 [51.517214078672374, -0.12747939585855667]
495 [51.54431916447277, -0.1440536931937924]
496 [51.52168234116387, -0.13800680151983047]
497 [51.534969245987334, -0.13331347088171927]
498 [51.53351105402385, -0.14046450418139]
499 [51.52712808802664, -0.13664487377492363]
500 [51.52661674482516, -0.11811306976272296]
501 [51.51950448810325, -0.1177879026002136]
502 [51.55930640180874, -0.14932523268772174]
503 [51.526535440538865, -0.1348754899157173]
504 [51.52102707573028, -0.11792935020283324]
505 [51.52186090603444, -0.12020774622083125]
506 [51.52607483581686, -0.12263490105874153]
507 [51.523405793122436, -0.11135145660699958]
508 [51.53696551529212, -0.1363117517996657]
509 [51.52718165375889, -0.13930169472997345]
510 [51.52669998982898, -0.12841102165441892]
511 [51.52317426930804, -0.1250776543607911]
512 [51.55563159366487, -0.16656927587338957]
513 [51.54338385958734, -0.16251304407386552]
514 [51.5219818264518, -0.12234761490812525]
515 [51.524554755405475, -0.11733498782886248]
516 [51.52051686960505, -0.11548653522087231]
517 [51.56184763835057, -0.1501267043653452]
518 [51.55244971165196, -0.16826541574086867]
519 [51.5216296283748, -0.13038890099427106]
520 [51.52070187171353, -0.13551209281191445]
521 [51.52285466790584, -0.13780588426868684]
522 [51.53162454333328, -0.13458853208806745]
523 [51.522552812465435, -0.13614353897687692]
524 [51.53001052666053, -0.14426580787081972]
525 [51.52327388913389, -0.11783839087118736]
526 [51.52427313757798, -0.1389761203707368]
527 [51.528670961701195, -0.12015893864346615]
528 [51.519496715816004, -0.1300798751571139]
529 [51.55493538177971, -0.17136966368774978]
530 [51.51567683482253, -0.12290728051573946]
531 [51.52950691710372, -0.11966348619941208]
532 [51.51678843110409, -0.11514030302163361]
533 [51.52143134874396, -0.1214587656079166]
534 [51.534091940147675, -0.14605981267565185]
535 [51.540273331189326, -0.14299695036208415]
536 [51.54474384291467, -0.13902289747169608]
537 [51.545197679377196, -0.14194997543783092]
538 [51.5262174653945, -0.13665452260259062]
539 [51.53640406425733, -0.13790041913527362]
540 [51.52569215983138, -0.1305092029791188]
541 [51.53862541183726, -0.15542778873960442]
542 [51.52509328778447, -0.13244945097631328]
543 [51.55556737771396, -0.13931401963615742]
544 [51.52279694598903, -0.12728960869300016]
545 [51.526441995703635, -0.12607517996044315]
546 [51.53944626843435, -0.14763246154133414]
547 [51.5555254409144, -0.16544610434993184]
548 [51.54578412010528, -0.1623370484363046]
549 [51.520172504059644, -0.11963861471533394]
550 [51.52298006799123, -0.1356943805350087]
551 [51.523591707542735, -0.12817404545263467]
552 [51.553945050502094, -0.137855749464664]
553 [51.525100123645615, -0.14311363026639773]
554 [51.5555566725309, -0.16546395459935467]
555 [51.542263004461226, -0.14138921970743]
556 [51.55435851768114, -0.17218194481889582]
557 [51.522530546781326, -0.12655675382882797]
558 [51.54656341250565, -0.15759076982777237]
559 [51.51987120825694, -0.11628361598828649]
560 [51.52281589127331, -0.13587837734122823]
561 [51.538033245146224, -0.14350701461723536]
562 [51.521162510941224, -0.11893425981342802]
563 [51.526628272902066, -0.1370688451447455]
564 [51.5456316150258, -0.14203723861230866]
565 [51.526326189439644, -0.1255953648547348]
566 [51.541297857715655, -0.13778643267185836]
567 [51.54822490906162, -0.14124577484852735]
568 [51.5266584088233, -0.13621471692482773]
569 [51.523643823711154, -0.13495837101664587]
570 [51.54338269885281, -0.13206730469252276]
571 [51.51650714920942, -0.12624176636365975]
572 [51.531846082584735, -0.13396338587113543]
573 [51.52851614181795, -0.14283567462878563]
574 [51.54907322433742, -0.13859307717368116]
575 [51.54001951121767, -0.13163244837639262]
