0 [[51.54394397392719, -0.13657541223383646], [51.54400302883737, -0.13668308830025103]]
1 [[51.54942751909381, -0.13489069851077726], [51.54983885109801, -0.13483204018593872]]
2 [[51.517171854739075, -0.12760697187007378], [51.51711433047399, -0.12778077652849731]]
3 [[51.52055553056314, -0.10848402890516941], [51.52007081177981, -0.1083227029105759]]
4 [[51.52768940234813, -0.12022620717361467], [51.527727352632844, -0.11998461486912268]]
5 [[51.54421963830207, -0.14152901665733694], [51.544491125599784, -0.14151838125697627]]
6 [[51.53461007275734, -0.1404203506643956], [51.534436895573236, -0.14027705642386282]]
7 [[51.52659719020337, -0.12486685213179415], [51.52651511809054, -0.1250714671770649]]
8 [[51.53657345702062, -0.1339736998346645], [51.53680801561377, -0.13417048712128046]]
9 [[51.55028901139759, -0.14001115229898836], [51.55017884772857, -0.1400440759954216]]
10 [[51.52983471944847, -0.11848535002388874], [51.52986844921101, -0.11835281571813078]]
11 [[51.52816523828046, -0.12010369934442201], [51.52812642928231, -0.12029221135053854]]
12 [[51.52742874449702, -0.1282950741517055], [51.527315056054825, -0.12836908287939025]]
13 [[51.53067101789216, -0.12961303311345043], [51.53089788142514, -0.1298422836260876]]
14 [[51.53832049202318, -0.13792000601972682], [51.53819962978231, -0.13781732301949418]]
15 [[51.51987408049, -0.12385978868382773], [51.519775190410364, -0.12374731228205547]]
16 [[51.518990648222356, -0.1158700618459359], [51.518967359657935, -0.11606966761636542]]
17 [[51.51433346416378, -0.1277687208539382], [51.5143977199588, -0.12769782790873171]]
18 [[51.51693610057555, -0.1285881168767084], [51.51691373349367, -0.1286996477564349]]
19 [[51.52977294517282, -0.14162159607718042], [51.52996941390496, -0.14163887038278494]]
20 [[51.546510958529815, -0.14234921803454606], [51.54657577820754, -0.1431069788259424]]
21 [[51.53047968715068, -0.1329368018722323], [51.53077413551621, -0.13327057515928192]]
22 [[51.54953521226756, -0.13960640424854823], [51.5495410222995, -0.13967929339139068]]
23 [[51.52944326018819, -0.12833644293384608], [51.529310417378305, -0.12819541828095396]]
24 [[51.54705970356679, -0.15152756083385754], [51.546972169455124, -0.15147116699089455]]
25 [[51.521526983133995, -0.1210593376727266], [51.52138402918375, -0.12148684302231606]]
26 [[51.517587083383894, -0.13294415955228356], [51.517481346288136, -0.13311689662513038]]
27 [[51.54334519790975, -0.1723722297309219], [51.543913127436426, -0.17283849136507703]]
28 [[51.561741883132946, -0.15025369071446396], [51.56155685795472, -0.15046479677019434]]
29 [[51.54162201994302, -0.1368310244257559], [51.54167102601761, -0.13668912977522737]]
30 [[51.519133773528914, -0.11502164133305949], [51.519165959669856, -0.11488370759027776]]
31 [[51.519683601907396, -0.115944104426124], [51.519873064154744, -0.1160560122314537]]
32 [[51.53586610891079, -0.1429623932745856], [51.53552909196656, -0.14264609353874874]]
33 [[51.546226112404696, -0.16505573303286158], [51.54645437024658, -0.1648944574893443]]
34 [[51.51750574924569, -0.12902564673246916], [51.517551968806245, -0.12882130480509302]]
35 [[51.54812739095808, -0.13883353462011105], [51.548425419323344, -0.13876786238212108]]
36 [[51.54499849974411, -0.15829601345873492], [51.54481355506136, -0.15855461071845237]]
37 [[51.526225519223246, -0.11841714463307557], [51.526273986881186, -0.11845161923949628]]
38 [[51.525641392751886, -0.14308827108663583], [51.525638824292706, -0.1434997216351822]]
39 [[51.51858344895994, -0.13282770049817647], [51.51867880676462, -0.13260113940678445]]
40 [[51.51635159928862, -0.1212066173274848], [51.516469214645824, -0.12134654734513535]]
41 [[51.54795361255013, -0.1404903759937853], [51.54798597610042, -0.1410723422180875]]
42 [[51.56200875035937, -0.14886623984811534], [51.56204035302433, -0.14868071715355377]]
43 [[51.556544548308004, -0.16662205004092473], [51.55649779672378, -0.16660138591181453]]
44 [[51.52639853515213, -0.13525992545002558], [51.526322859124804, -0.1354724266137673]]
45 [[51.547274564911426, -0.1415224727924958], [51.546939709321094, -0.14162510419516686]]
46 [[51.52082778018318, -0.11786282355946062], [51.520572590251994, -0.11770840574614032]]
47 [[51.523583315867796, -0.1267139430296137], [51.523685329036205, -0.12682698162800146]]
48 [[51.53627158277005, -0.13841502157878108], [51.5363985467179, -0.13803447489331894]]
49 [[51.541956788542066, -0.13856642106712], [51.54211988886158, -0.13871541694010775]]
50 [[51.51971137961102, -0.12099509560626087], [51.52000244696001, -0.1212710518394931]]
51 [[51.542230891259884, -0.14513093230906612], [51.54235574386323, -0.144963440623111]]
52 [[51.540164317798514, -0.15938097126326203], [51.54016670248059, -0.159024399683818]]
53 [[51.52041918514184, -0.11151098388875526], [51.52039220564576, -0.11165022587967567]]
54 [[51.52266990523934, -0.12602922610145667], [51.52252647847065, -0.1263744171533605]]
55 [[51.532745950717036, -0.1354820894028394], [51.53257392023573, -0.13592140723024645]]
56 [[51.552986242420765, -0.15799904866185704], [51.5525285689426, -0.15775703701953522]]
57 [[51.51787479072521, -0.12170665859882336], [51.517981637091125, -0.12182257844742383]]
58 [[51.5181590311874, -0.12201503699860645], [51.51828850925545, -0.12215551045240185]]
59 [[51.52182449701565, -0.12220477562607882], [51.52147143994854, -0.12189009480165597]]
60 [[51.561580089963, -0.15049286666860165], [51.56170867754156, -0.15034615357373451]]
61 [[51.553827620529525, -0.15533592792183684], [51.554049956615344, -0.15448957514898062]]
62 [[51.543894086740025, -0.13861824675521395], [51.54372292798696, -0.13887198251225127]]
63 [[51.55461557752999, -0.16576964162972188], [51.55479404083264, -0.1658996463218222]]
64 [[51.541098176208436, -0.15713869863104268], [51.540967506508025, -0.1565538567248203]]
65 [[51.54447816600219, -0.13771994567325108], [51.54433237015476, -0.13796272181499716]]
66 [[51.540135810548655, -0.1594513006459229], [51.5402410404885, -0.15987649008143953]]
67 [[51.519834607762895, -0.13159368250079598], [51.52004984607336, -0.1310993936525549]]
68 [[51.518784970020036, -0.11680487807922574], [51.5186700933539, -0.11675390335502767]]
69 [[51.54100083142523, -0.1433629252733761], [51.54096808869359, -0.1435495699218423]]
70 [[51.521749008132424, -0.10842984974721445], [51.52171987939234, -0.10851095078392885]]
71 [[51.51972019870009, -0.13704222884938122], [51.51968124645249, -0.13700140322275575]]
72 [[51.523519382609514, -0.11648156273024056], [51.5233826095504, -0.1163692775997962]]
73 [[51.5341859487343, -0.14019005245034658], [51.53412193538798, -0.1402479677620451]]
74 [[51.51956064204943, -0.11832760911217124], [51.519478424333734, -0.11824636363216502]]
75 [[51.55341881185167, -0.15692853564328546], [51.55332021493542, -0.15736547480102184]]
76 [[51.52079598769665, -0.13283185153922433], [51.52099628797248, -0.13237309463627897]]
77 [[51.546485643080715, -0.16411264092291455], [51.54664528852878, -0.16431187360505892]]
78 [[51.531744841488475, -0.141506414571841], [51.53166507819741, -0.1413613356691367]]
79 [[51.52269430487491, -0.11576758150899458], [51.52263318231085, -0.11571639740133378]]
80 [[51.533315603504626, -0.14043742362771977], [51.5332456577755, -0.14041463601058976]]
81 [[51.543211314185314, -0.1646408787761187], [51.54289455547273, -0.16456551239665893]]
82 [[51.552477463013155, -0.15199826254022186], [51.55258992972525, -0.15179493466677704]]
83 [[51.52238686582966, -0.14099348617127902], [51.5222285760039, -0.14080186828389826]]
84 [[51.52284113016049, -0.1135579820193525], [51.522920710299964, -0.11327449087637982]]
85 [[51.544675095763644, -0.14363620807686245], [51.5446833422629, -0.14382131888244223]]
86 [[51.54400528404477, -0.13709509823576918], [51.54412614239935, -0.13691721919112332]]
87 [[51.56191420538146, -0.14959702671598976], [51.56193143275611, -0.14943400322599382]]
88 [[51.54639869126633, -0.14388495305431953], [51.546286279969856, -0.14389288610822196]]
89 [[51.53887058983309, -0.14164306833329363], [51.538659825885446, -0.14140748704604625]]
90 [[51.51724249103469, -0.11725906034000078], [51.51719503118626, -0.11747865920857489]]
91 [[51.51663753717593, -0.12615524597998917], [51.51677524836228, -0.12606348552566013]]
92 [[51.52657175882435, -0.12545206581340318], [51.52672420684848, -0.1255872246885059]]
93 [[51.52286008248647, -0.11487162938822622], [51.52289284064588, -0.11475992482020139]]
94 [[51.51880117109237, -0.129091720916282], [51.51859185969767, -0.12958485138087963]]
95 [[51.52254681097369, -0.11793092024019954], [51.522588811501244, -0.11771265442238346]]
96 [[51.52763928601976, -0.1353073207564894], [51.52769820000498, -0.13514796544694527]]
97 [[51.53496058201854, -0.13324266893204167], [51.534830831991215, -0.13354381012633068]]
98 [[51.55007674333414, -0.149058959536529], [51.549962097573506, -0.14894132366614377]]
99 [[51.52532293611523, -0.1313881394038361], [51.52545591454918, -0.13154143522695555]]
100 [[51.55083428192366, -0.16961886752241784], [51.55093870203533, -0.169616963594254]]
101 [[51.55530265411373, -0.16631366245687218], [51.5553978584545, -0.16639386884251095]]
102 [[51.541973859796414, -0.14114086815791296], [51.5417434541741, -0.14094296862773248]]
103 [[51.52337964228479, -0.13508793782995984], [51.523247693606955, -0.1349555572902531]]
104 [[51.52936245134447, -0.1414260296219176], [51.5293628087856, -0.14137891577133144]]
105 [[51.523148077955625, -0.13485561560154125], [51.52302811535797, -0.13473526037189715]]
106 [[51.55009698383505, -0.13262215812289574], [51.55016205091461, -0.13267773267352503]]
107 [[51.52777959477727, -0.1184028453024165], [51.52781562900359, -0.11823850392929584]]
108 [[51.51751201332306, -0.125346779771913], [51.51766381468313, -0.12551364531415732]]
109 [[51.535031295391505, -0.14158491342891621], [51.53494566831525, -0.1418515012470978]]
110 [[51.528109336717655, -0.1269135743565864], [51.528009196104286, -0.1271689363312723]]
111 [[51.54373304654168, -0.160974744579377], [51.54369941314729, -0.16139470934790756]]
112 [[51.54616649836833, -0.14750104524085908], [51.54608473854197, -0.14780258286509132]]
113 [[51.5213433915928, -0.12245288779791064], [51.521646057216515, -0.1227121318428347]]
114 [[51.54755489284713, -0.12988910622783945], [51.5475725986532, -0.12992019309213904]]
115 [[51.52133586506651, -0.13005777463903995], [51.5208661981565, -0.12952599560250097]]
116 [[51.52204712960463, -0.11531627895237928], [51.52201928164401, -0.11548336890005635]]
117 [[51.542647432851346, -0.13931202594641676], [51.54261278600243, -0.139411190743605]]
118 [[51.52056937693485, -0.1291965354255692], [51.52021831304375, -0.12880136267634798]]
119 [[51.517757151718044, -0.12254637519899368], [51.517711406876636, -0.12265925181003894]]
120 [[51.555905748980216, -0.14915530208752567], [51.556086602572194, -0.1493236247726426]]
121 [[51.550616491874656, -0.15113356177232895], [51.550496132885414, -0.15104829395207342]]
122 [[51.550336714765756, -0.16499642303199513], [51.55030703213132, -0.1650567930719081]]
123 [[51.51958006216056, -0.12299336014594713], [51.51960876933442, -0.12292185515492568]]
124 [[51.539791525932515, -0.15289861072037467], [51.539645482924755, -0.1525601888045993]]
125 [[51.525234782435014, -0.1430417984652022], [51.5251478972715, -0.1430624100136369]]
126 [[51.525747135510024, -0.13350496457724823], [51.52571549801711, -0.13359698039976622]]
127 [[51.52327741619851, -0.12515879306815117], [51.52338295859019, -0.12524217683237937]]
128 [[51.55783095867481, -0.14781462560354464], [51.55789360192853, -0.14787660468736386]]
129 [[51.518055409110815, -0.13417924420575922], [51.518206214574064, -0.13377697847482936]]
130 [[51.54173678346528, -0.15665389505460048], [51.54227728774017, -0.15580427167189795]]
131 [[51.54596473511236, -0.14395271575761834], [51.54615577360465, -0.14393943017598085]]
132 [[51.521944860508206, -0.1404584162417894], [51.52185114759447, -0.1403449719918904]]
133 [[51.539403049784624, -0.13549560379252937], [51.539526389341844, -0.1352184062900561]]
134 [[51.52031795776093, -0.12608009498087783], [51.52042591624985, -0.12620616384294328]]
135 [[51.535797540625396, -0.1463220195627362], [51.53572094919453, -0.14615553842208712]]
136 [[51.526684494834335, -0.12465237502033276], [51.526656293862835, -0.12474047569232899]]
137 [[51.518997566377585, -0.11612118011936029], [51.519043160825845, -0.11573039111208402]]
138 [[51.53586299724129, -0.1414935173592208], [51.535817464664, -0.1414513666051034]]
139 [[51.558863645442855, -0.14386601339486652], [51.55849515955024, -0.1435142595352815]]
140 [[51.53845499732331, -0.1335377342249257], [51.538348421161785, -0.13342394689014317]]
141 [[51.54875240955992, -0.1386967412192287], [51.549404280795, -0.13856077092619903]]
142 [[51.52851777339105, -0.1420410476460972], [51.528519151580355, -0.1413880902578814]]
143 [[51.51960244244831, -0.13203070821441287], [51.51945509660852, -0.1323687742846521]]
144 [[51.557368178977235, -0.16790662952114174], [51.557319400008566, -0.16798039444967272]]
145 [[51.53623132433798, -0.1418338195507512], [51.536008945073505, -0.14162862529781658]]
146 [[51.53766230306794, -0.14312167352214647], [51.53736705958724, -0.14286199891733742]]
147 [[51.52126951930284, -0.1361358779367665], [51.52150763895865, -0.13638564508101544]]
148 [[51.52393448792958, -0.14054304250800892], [51.52391107251191, -0.14065439789680254]]
149 [[51.52764185328177, -0.1281186966859615], [51.52753238689771, -0.12821850983520167]]
150 [[51.528516988577714, -0.14241287586420978], [51.528517318908456, -0.14225637203773092]]
151 [[51.551004531435474, -0.14905524245892388], [51.55085390460963, -0.1495406910981799]]
152 [[51.515403805450475, -0.12125799846308263], [51.51546654597915, -0.12116444015119986]]
153 [[51.54308353335417, -0.14906637051491048], [51.54336154351567, -0.1490811481725502]]
154 [[51.5307029332639, -0.1331354868797284], [51.53057212153542, -0.1329872046485802]]
155 [[51.5425890473969, -0.16633765226270644], [51.54275070018486, -0.16638595607762938]]
156 [[51.54156809735757, -0.1369871545888388], [51.54160266914457, -0.13688705369981952]]
157 [[51.51598676496809, -0.1181685435010269], [51.51607777423672, -0.11823394160726307]]
158 [[51.55357935919155, -0.16221030009259932], [51.55362452174925, -0.16259889242456552]]
159 [[51.52635520638121, -0.1392255298089529], [51.526302861746615, -0.1394819052921809]]
160 [[51.5461870057833, -0.1617853527914771], [51.546747564704454, -0.1608851366671881]]
161 [[51.54206321208962, -0.15495496597459577], [51.54211524351008, -0.15499822749171407]]
162 [[51.52115233855584, -0.12155666841013066], [51.52106696467713, -0.12148076681146229]]
163 [[51.53831954792921, -0.14126379684027318], [51.538232168124026, -0.1415504026277873]]
164 [[51.51917020032799, -0.11699475408261978], [51.5190538993478, -0.11693614741155739]]
165 [[51.531359335489206, -0.13332656152748226], [51.53131713719269, -0.13343605355969118]]
166 [[51.5374689127572, -0.1430011032366139], [51.53771266907746, -0.1432131736077654]]
167 [[51.54919411630619, -0.17160696937238218], [51.54926402650239, -0.17155060055768234]]
168 [[51.529197727222986, -0.1313607709683355], [51.529197727222986, -0.1313607709683355]]
169 [[51.54091309694769, -0.14375524345829882], [51.540866234432684, -0.14389932142668932]]
170 [[51.542480190456054, -0.14720472503331605], [51.54225033849481, -0.1466462336328834]]
171 [[51.53842545922669, -0.13090166633652983], [51.53856093600083, -0.13099652507547002]]
172 [[51.520456101114796, -0.13017239414253873], [51.52062480337757, -0.12977975491113108]]
173 [[51.54894868203814, -0.14604903082799184], [51.54929709418043, -0.14552487149051171]]
174 [[51.54540558051096, -0.141388003852179], [51.54540243912594, -0.1412970801886522]]
175 [[51.536673005976844, -0.13664222033521012], [51.536556545391456, -0.13654610198028705]]
176 [[51.5272389164189, -0.13773487201023998], [51.526954397152174, -0.1374125278986005]]
177 [[51.55168994129647, -0.1572761982377756], [51.551848686182495, -0.1573827631336381]]
178 [[51.53828775147999, -0.14369123671346953], [51.53795176446594, -0.1433820845925047]]
179 [[51.52034318145489, -0.11190324120362992], [51.520306404936726, -0.11209304592027179]]
180 [[51.537977076787755, -0.1331127014631797], [51.53788075343018, -0.1330748727624532]]
181 [[51.560919412977974, -0.1447916949560482], [51.56098635528212, -0.14462783509522414]]
182 [[51.54876694930364, -0.14066942272400154], [51.54878465353182, -0.14092287828358394]]
183 [[51.544719758701035, -0.14383047610997207], [51.54471049246521, -0.1436224750751114]]
184 [[51.52683186267959, -0.12429797159261126], [51.52675399115498, -0.1244851558597531]]
185 [[51.52969010605469, -0.12343979885634217], [51.529621325218905, -0.12336842800688051]]
186 [[51.54377630860739, -0.1522853581761025], [51.54354411514086, -0.15166761461267728]]
187 [[51.51635439383953, -0.12767946462433052], [51.516510464635886, -0.12736614156573087]]
188 [[51.544483636071, -0.13413957762958084], [51.54470104289967, -0.13454983841515109]]
189 [[51.52914241510392, -0.12325868687467449], [51.529077869305574, -0.12341535648851053]]
190 [[51.556103580223684, -0.14778457113992585], [51.55623196125594, -0.14748506094259595]]
191 [[51.542474815808674, -0.1415711482807272], [51.542367021556956, -0.14147856186049562]]
192 [[51.52252412755367, -0.12638007948058452], [51.52239356136444, -0.12670299185717537]]
193 [[51.52053596549611, -0.1368993632008147], [51.52045281223215, -0.13681636980626122]]
194 [[51.54063116335552, -0.16482402942963403], [51.54095153589485, -0.16514596962392114]]
195 [[51.5285285869327, -0.14015210880188844], [51.5285316690074, -0.13947587312446422]]
196 [[51.53935711967874, -0.14078313199259102], [51.5392102113781, -0.14119247088125536]]
197 [[51.524281797895604, -0.13877311810834564], [51.52422214127014, -0.1390391254707771]]
198 [[51.55247508517343, -0.14099996666865652], [51.552324006956674, -0.14101996415834167]]
199 [[51.5480403740264, -0.1407498434366025], [51.54802073775141, -0.14104989650342967]]
200 [[51.546560589456604, -0.16481921705305805], [51.54664709991882, -0.16475707508126358]]
201 [[51.52611642107369, -0.14038025173190885], [51.52608640414424, -0.14054671412900432]]
202 [[51.541056390976046, -0.15734071601913152], [51.5407285599986, -0.1575202822516921]]
203 [[51.5366549674238, -0.1422181031814826], [51.53647729752373, -0.14205168030672313]]
204 [[51.53938089541889, -0.1348187144463724], [51.53927156525901, -0.1346153078359978]]
205 [[51.55833505926853, -0.14833359424920955], [51.55840578157778, -0.14840813038444758]]
206 [[51.532785958210326, -0.14005172927994064], [51.53269218401277, -0.13993762027518258]]
207 [[51.54581031107022, -0.14056985014769388], [51.5457246413164, -0.14076029726449615]]
208 [[51.54391803675789, -0.15578075267371194], [51.543924049053636, -0.1554896567436779]]
209 [[51.51890959572626, -0.11677863834732358], [51.51892463515237, -0.11666741729111155]]
210 [[51.522215428125016, -0.10954438393581016], [51.522124828159335, -0.10957785037833016]]
211 [[51.5177349194276, -0.1303211039985265], [51.51768054068512, -0.13046559285314202]]
212 [[51.55073133964245, -0.1554247958658439], [51.55076829014248, -0.1557333648180472]]
213 [[51.53403489825492, -0.14378950165012588], [51.5337758760114, -0.14368393218815567]]
214 [[51.53879678612984, -0.1524216699885887], [51.53926629393633, -0.15201215002262683]]
215 [[51.54385866985719, -0.13280171934583185], [51.5441434933098, -0.1324127024830565]]
216 [[51.51831486660187, -0.13349460751666814], [51.51854076376151, -0.13292912426743972]]
217 [[51.52365962496935, -0.12546075709915702], [51.52385967995743, -0.12561881053810184]]
218 [[51.521658627729444, -0.12200856061397596], [51.52152795628012, -0.12189224281438524]]
219 [[51.51865623684427, -0.12512766671465825], [51.5187446231341, -0.12491630222313342]]
220 [[51.54377602056824, -0.13975379234164062], [51.5437067003702, -0.13956962381369636]]
221 [[51.54086568274058, -0.15626309555437148], [51.540901197549516, -0.15642205014364152]]
222 [[51.52105673898398, -0.1270016506593998], [51.52115385801278, -0.12712064131538736]]
223 [[51.52548256165714, -0.13028141553997197], [51.52551511660381, -0.13031679565700824]]
224 [[51.5205390054372, -0.12467054655218773], [51.52063945585203, -0.12478479766066944]]
225 [[51.5206496571119, -0.1332481098676695], [51.52071490232335, -0.13310317705103533]]
226 [[51.54433523322348, -0.1492250429284987], [51.544582744162184, -0.14923391667153912]]
227 [[51.55197424368514, -0.17154252238118547], [51.55186402007056, -0.17148074760380216]]
228 [[51.52556135362727, -0.1316629839503316], [51.525683497255805, -0.13180450200317187]]
229 [[51.54968984774379, -0.17108036613766642], [51.54987021927289, -0.1707056378862577]]
230 [[51.51907311169048, -0.1154328784250146], [51.51908073494498, -0.1153319532982835]]
231 [[51.5195301482342, -0.11855188985372833], [51.51956721832714, -0.11839965475385544]]
232 [[51.5198860291168, -0.11513879241142622], [51.519986688885275, -0.11519429472218834]]
233 [[51.555287177474426, -0.1661567172103482], [51.555356162580274, -0.16592743081019182]]
234 [[51.519306175025555, -0.11932538729464844], [51.51934862197656, -0.1192061179497411]]
235 [[51.55726381971564, -0.16812966190468523], [51.557407732620106, -0.16791203276238795]]
236 [[51.53716973024437, -0.13447800101080756], [51.537307654931205, -0.13460769516412566]]
237 [[51.51823831265269, -0.12409532488242987], [51.518165879971654, -0.12401346321435515]]
238 [[51.52172327283449, -0.1227775364709817], [51.52177447960935, -0.12282091083513731]]
239 [[51.545367075484776, -0.1413153332296443], [51.545369629147245, -0.14138924596090127]]
240 [[51.523209721021885, -0.11055224941987786], [51.52326398622047, -0.1107757390919722]]
241 [[51.52413284401905, -0.13913980890253486], [51.524036618199425, -0.1390425955991929]]
242 [[51.541968340640004, -0.15480126632550478], [51.54181728956053, -0.15451434985587323]]
243 [[51.54336644184316, -0.17226033998756732], [51.54338886498397, -0.17208908031211265]]
244 [[51.543087172635126, -0.16246930185756936], [51.543343988877986, -0.16253969207728444]]
245 [[51.55216054857941, -0.14075056076236023], [51.55215092036814, -0.14054132841548794]]
246 [[51.518440090289985, -0.11665184309212118], [51.51827811677254, -0.11657996987664142]]
247 [[51.51850387572812, -0.13152063775502365], [51.518311949502596, -0.13134006321555253]]
248 [[51.53925208085895, -0.14118230037410529], [51.53930195670033, -0.14104332850261053]]
249 [[51.52330700211626, -0.12385084400516382], [51.523417511059414, -0.12336183632056429]]
250 [[51.55973220553363, -0.1727549494772149], [51.559999341212325, -0.17247525709475744]]
251 [[51.5233211650697, -0.14114953705060315], [51.52341165315286, -0.14124115574860907]]
252 [[51.52559961111434, -0.1255017497802427], [51.525555836346136, -0.125480855479608]]
253 [[51.52917847478571, -0.12307672520115805], [51.529155600803186, -0.12313224636752589]]
254 [[51.52121647212212, -0.11822517525622889], [51.52119080166193, -0.11832710143878833]]
255 [[51.54967245543869, -0.14024046966884776], [51.54971723067401, -0.14022649268486254]]
256 [[51.55295660755762, -0.14336614129291259], [51.55301324543336, -0.1433050516621538]]
257 [[51.53774543184727, -0.14468751557658505], [51.537561602156714, -0.14451954598767464]]
258 [[51.52769452989134, -0.12722149275895195], [51.52761770312302, -0.12715116508535032]]
259 [[51.54870131062488, -0.1395576425919084], [51.548750047946065, -0.14039866515130608]]
260 [[51.525599979691236, -0.13290821917751924], [51.525497156498325, -0.1328047657468164]]
261 [[51.543444433942035, -0.14853585170017203], [51.54359606460002, -0.14854135437552157]]
262 [[51.52305432263081, -0.11770462457673285], [51.52299161268079, -0.11766641985277722]]
263 [[51.5189250484007, -0.11639591034535217], [51.51889963203472, -0.11658387197687285]]
264 [[51.53087175572344, -0.1333810785634592], [51.53108695855656, -0.13361254976852532]]
265 [[51.53227150606952, -0.1299158508032976], [51.532580547985326, -0.13012882617726002]]
266 [[51.517416954652994, -0.12941821771309403], [51.517457288561396, -0.12923989692244062]]
267 [[51.526833468246124, -0.12643342634557], [51.5267079403299, -0.12631844416906246]]
268 [[51.556904479654534, -0.16862833651210607], [51.5570145597063, -0.1684771610445292]]
269 [[51.53775391402046, -0.13302497629904736], [51.53734113123349, -0.13289341138196703]]
270 [[51.51993608565914, -0.10827786283801821], [51.5194753355223, -0.1081245141817653]]
271 [[51.52312847958751, -0.12464588199637965], [51.52315177579475, -0.12454174703469781]]
272 [[51.52928822372662, -0.12380388293495219], [51.529414515227295, -0.12393351179553902]]
273 [[51.52393646248776, -0.1256799082702075], [51.52403806398728, -0.1257615570178311]]
274 [[51.52637938861809, -0.1409213282689897], [51.526503250236544, -0.14090353058359262]]
275 [[51.52083499557567, -0.11615007806689508], [51.520901270387554, -0.11584626938856549]]
276 [[51.55372798385565, -0.14207905093605713], [51.55360845383398, -0.1422055466973816]]
277 [[51.545190313863685, -0.14396939152943813], [51.54504446056253, -0.14398022957641565]]
278 [[51.54082301573914, -0.15751252268910726], [51.54101126775849, -0.15740718551917038]]
279 [[51.51947430960045, -0.13673240293951694], [51.519415761101975, -0.13667103859507831]]
280 [[51.54570690557869, -0.13001878516772555], [51.545916402221266, -0.1304267405588922]]
281 [[51.555782984909776, -0.14904104404185287], [51.55582775068104, -0.14908270810137408]]
282 [[51.53470233690503, -0.13189280705151624], [51.534732598461005, -0.13194703808567843]]
283 [[51.55308754312966, -0.14316166966508564], [51.55309996476964, -0.14309617993142762]]
284 [[51.51687292300974, -0.11523378327752602], [51.51609542279662, -0.1147656979170564]]
285 [[51.52003923816752, -0.116152387639282], [51.52034518551358, -0.11632802914261478]]
286 [[51.519807580105415, -0.13610771583701736], [51.51968635932143, -0.13598118034175735]]
287 [[51.53366801601417, -0.14121225663164488], [51.5336520488537, -0.14081378522342708]]
288 [[51.54099467803398, -0.16513832500604286], [51.54066349569798, -0.16480552212031227]]
289 [[51.51763581878569, -0.132933445867102], [51.51775576616704, -0.1327374942060399]]
290 [[51.52583263290464, -0.136322173915599], [51.52606941515826, -0.1365576158576454]]
291 [[51.52101097088159, -0.13242975504309273], [51.521045228093634, -0.13235056703374115]]
292 [[51.5262144421637, -0.11836873692021047], [51.52613001910463, -0.11831842962315108]]
293 [[51.52788752772725, -0.12739816410808966], [51.527782486741984, -0.1273020089750811]]
294 [[51.54729493343758, -0.14120700931161861], [51.54730447658769, -0.1412962579920511]]
295 [[51.53438349862824, -0.13927938035806267], [51.534339443062194, -0.13970955009474564]]
296 [[51.56187778414187, -0.14959937476193713], [51.56185609868526, -0.14980458529986285]]
297 [[51.52856248118379, -0.12575936980126615], [51.52852612696132, -0.12585179498516905]]
298 [[51.548338085310284, -0.1462815492713245], [51.54843406866268, -0.14646230098611626]]
299 [[51.529387613158235, -0.12257193564164985], [51.52928293574926, -0.12282077183519895]]
300 [[51.541307592015976, -0.15352793466866632], [51.541450271919146, -0.15382669795054646]]
301 [[51.52325846469898, -0.1277669884765044], [51.52309867240593, -0.1276000839225386]]
302 [[51.548965002623085, -0.147675318373553], [51.5490647294073, -0.14783154333053516]]
303 [[51.54330496215844, -0.1400700114670277], [51.543355222908346, -0.13992348573448649]]
304 [[51.52433259283949, -0.13871101088498045], [51.524311891926004, -0.1388033157271406]]
305 [[51.527384246562335, -0.13767311756307424], [51.52783392595718, -0.13656643968633392]]
306 [[51.53500183926041, -0.1407410871319605], [51.5347624540605, -0.14054541962668912]]
307 [[51.5180857454515, -0.1342008005328519], [51.51822409624324, -0.13383175699050537]]
308 [[51.52682838879566, -0.12487007146147625], [51.52678405558723, -0.12482742467870318]]
309 [[51.55378209477405, -0.16376416106087882], [51.55383987771679, -0.16414816147685596]]
310 [[51.52123580544313, -0.11897590739849415], [51.521338033782186, -0.11903399584082155]]
311 [[51.54658545588486, -0.14387343405167666], [51.5464801753197, -0.14387920480910382]]
312 [[51.56023301718562, -0.1500775073231001], [51.56048546429506, -0.15021389246762984]]
313 [[51.55435736149023, -0.16565108510769175], [51.55439006421128, -0.16564981773298185]]
314 [[51.55442259676686, -0.17204613459471], [51.5542749025555, -0.17222748275573796]]
315 [[51.51985635600368, -0.12220925095985372], [51.51975526391187, -0.12246082186148535]]
316 [[51.52317560622836, -0.1410021595058268], [51.523229517730066, -0.14105674461164042]]
317 [[51.517822008415614, -0.12543052417511938], [51.51798148869299, -0.12505417253537782]]
318 [[51.553161796254166, -0.16159541124092747], [51.55328806648686, -0.16148052351171335]]
319 [[51.522217086343474, -0.13774499104106813], [51.52214838918662, -0.13767086752209706]]
320 [[51.521537750694314, -0.12114056941320711], [51.52160861744569, -0.12092864161919158]]
321 [[51.529692694341165, -0.1285838845023531], [51.52960579206701, -0.12849767138419527]]
322 [[51.519742227188594, -0.11505950215049565], [51.51979790846935, -0.11509020398693862]]
323 [[51.55713331648683, -0.17004731723225774], [51.55728735035519, -0.16984607577717886]]
324 [[51.54544517341224, -0.14637097335544436], [51.545413121424, -0.14614821492859317]]
325 [[51.523823374391306, -0.12836799042756875], [51.5236812502605, -0.12821678566270758]]
326 [[51.55022173345317, -0.14921917618882], [51.55053293238507, -0.14945672916964503]]
327 [[51.51491143031122, -0.1277368905095256], [51.514866697330554, -0.1277733386885233]]
328 [[51.524467426545385, -0.13810979084964403], [51.52439055625979, -0.1384525534809587]]
329 [[51.5241661150814, -0.11660514289005859], [51.524134757766994, -0.11674065218178019]]
330 [[51.52644773278562, -0.11850779163781773], [51.52652925064794, -0.1182273262055814]]
331 [[51.52773804648872, -0.12657096403776974], [51.52759189635073, -0.1269435501148745]]
332 [[51.54104792423678, -0.14251988747735922], [51.541046957835, -0.14284359901867308]]
333 [[51.53955589705228, -0.1524454441781559], [51.53990635532625, -0.15327280015017258]]
334 [[51.558540783254266, -0.14360754322226776], [51.55874752506299, -0.1438048973967818]]
335 [[51.5237957415244, -0.11518984015446111], [51.52361610408179, -0.11498819830088591]]
336 [[51.54207215901219, -0.15765973055636262], [51.54199193491109, -0.1575019783641509]]
337 [[51.525336522859114, -0.13269417692019295], [51.52558004073976, -0.13293918740349048]]
338 [[51.5289001106754, -0.13210514725378747], [51.528953634323706, -0.1319819089543051]]
339 [[51.517535897701656, -0.11559936637397851], [51.51740823871314, -0.11552062806400264]]
340 [[51.51841525507515, -0.13333814923649348], [51.518470896099785, -0.13319709680970382]]
341 [[51.52538597733944, -0.14304290205837986], [51.525593795231885, -0.1429936019433497]]
342 [[51.54279214998494, -0.1328595880647606], [51.54273200121385, -0.13312331130121594]]
343 [[51.54146836906297, -0.13727862063594254], [51.541496088702274, -0.1371971090213561]]
344 [[51.54602433821243, -0.14788166922705395], [51.54581455922544, -0.1476983712001944]]
345 [[51.55268605545477, -0.1594718577143427], [51.55264149656082, -0.15948342037560595]]
346 [[51.51914522111903, -0.12397102970447307], [51.5191982783425, -0.1238477392163048]]
347 [[51.555861062387535, -0.16660972631391144], [51.55583106453819, -0.16660264414138798]]
348 [[51.55729201654219, -0.16978079491410383], [51.55720963605933, -0.1698884229858827]]
349 [[51.54399525877672, -0.14722121907643038], [51.54407116060288, -0.14720446055351222]]
350 [[51.56107447502283, -0.1444341160866837], [51.561139601522115, -0.14430470793339367]]
351 [[51.523796542280444, -0.1402152373361968], [51.52368004148208, -0.14009626509011971]]
352 [[51.54251581539221, -0.1553549584903473], [51.54199863601877, -0.15618205446386502]]
353 [[51.52681038996767, -0.1285337245572779], [51.52684871052115, -0.12857758692824714]]
354 [[51.54595979821806, -0.1493271638180788], [51.5459324057891, -0.14981446621475497]]
355 [[51.53103341407172, -0.13427226152688115], [51.53109991666593, -0.13409970706879193]]
356 [[51.52625606729786, -0.13971059482946502], [51.526190913788426, -0.14002301555921745]]
357 [[51.5456768747374, -0.16255872647488728], [51.546059901862755, -0.16198524570519499]]
358 [[51.528480659746045, -0.14258151372776345], [51.52847997048415, -0.1430843947117383]]
359 [[51.5215144935693, -0.11497011624833137], [51.5215804696547, -0.1150112680645451]]
360 [[51.520375107312915, -0.12081675322821189], [51.52020898086588, -0.12063662053885324]]
361 [[51.551407958283214, -0.1378376600079095], [51.55120347166236, -0.1378749693819691]]
362 [[51.52937327526675, -0.1391895751413641], [51.52937494596795, -0.13906714682485966]]
363 [[51.532086441822685, -0.14219896706247737], [51.53211261838114, -0.14224519510935446]]
364 [[51.543702899894114, -0.14854523142747855], [51.54378220701512, -0.1485481094822572]]
365 [[51.52130005547712, -0.11483636298145544], [51.52141418247873, -0.11490754837183402]]
366 [[51.5418216913287, -0.156461923317472], [51.541402945616504, -0.15703384330691353]]
367 [[51.54032565050804, -0.15416710067196934], [51.5400902599513, -0.15362197463020824]]
368 [[51.520872896987875, -0.11185004776013951], [51.5207661058091, -0.11232549761149911]]
369 [[51.550032497147555, -0.14008917945638363], [51.54990474917257, -0.14012953332006192]]
370 [[51.520735864752346, -0.1077713819819497], [51.5207190513553, -0.10791131292509862]]
371 [[51.54125587945176, -0.16596729529455287], [51.5409631122326, -0.16589251388218654]]
372 [[51.555245428893386, -0.13912065910229277], [51.5552935557096, -0.1393163751394771]]
373 [[51.529756800627375, -0.13233606896317596], [51.529752496205205, -0.13253257105261515]]
374 [[51.54860737056248, -0.13869093257454898], [51.54790698886431, -0.13884526564792976]]
375 [[51.52109588056793, -0.13223348019655856], [51.52113237361418, -0.13214912389562702]]
376 [[51.52941349847333, -0.1283575746502879], [51.52963224524421, -0.12857458670650235]]
377 [[51.515521282776994, -0.12892292393947571], [51.51546086885943, -0.12905633899500055]]
378 [[51.54629332111029, -0.13428718376473617], [51.546046630343916, -0.13407746994989822]]
379 [[51.51771915535977, -0.12153780654808681], [51.517805508057755, -0.1216314923893458]]
380 [[51.52621312272298, -0.13107398658545572], [51.5264357771169, -0.13131557246150086]]
381 [[51.51607040171169, -0.1283809209259541], [51.51609751778427, -0.12830255231262383]]
382 [[51.53823416677694, -0.13796467160304238], [51.53817129895645, -0.13791125991400255]]
383 [[51.52010433918185, -0.1174484422859889], [51.51976632624159, -0.11726568888271474]]
384 [[51.5279208796484, -0.11753398290223478], [51.52780255642797, -0.11746129483158997]]
385 [[51.52154945925001, -0.13245063712839633], [51.5216334270146, -0.13254120622690374]]
386 [[51.52644285753241, -0.13879622876565043], [51.526397932909056, -0.13901626224395588]]
387 [[51.524964497636006, -0.14311202681341012], [51.52476983834005, -0.14316614473291525]]
388 [[51.53572019647076, -0.1382589614276762], [51.53538844797139, -0.1379548068413946]]
389 [[51.52853125102899, -0.13937169655390685], [51.528529870859614, -0.13917837225851115]]
390 [[51.530086864914345, -0.14369951357313093], [51.53005010723682, -0.14397219027373626]]
391 [[51.52153201382079, -0.12747017781848077], [51.52120147885959, -0.12706520494814466]]
392 [[51.53913511800392, -0.1343663395770112], [51.53897129185213, -0.13409610381775114]]
393 [[51.5194854304362, -0.1234722228624898], [51.519781559049406, -0.12380903602915735]]
394 [[51.52927751527202, -0.12821298593857333], [51.52934051416988, -0.12828285708324413]]
395 [[51.527452691582965, -0.12418309579170826], [51.527516624283734, -0.12377651305310415]]
396 [[51.531137055615815, -0.1340033425367518], [51.53118703476344, -0.13387366150946411]]
397 [[51.55720412118464, -0.14543720434985463], [51.55691521442579, -0.1461750230569483]]
398 [[51.54364936327841, -0.13253866557351224], [51.543514837245176, -0.1322990460377017]]
399 [[51.541343818827215, -0.13764955248596292], [51.54144940062241, -0.1373351115322554]]
400 [[51.537371027021166, -0.14439540346898716], [51.537524210544305, -0.1445342085161473]]
401 [[51.53644811391649, -0.13645661028693878], [51.536265770348244, -0.1363061167637263]]
402 [[51.54405526335183, -0.13677832859491554], [51.54408988753893, -0.13684145960736058]]
403 [[51.52815775357823, -0.12560063529357102], [51.52820632844565, -0.12547706286492202]]
404 [[51.52208585937406, -0.14062910254249122], [51.52205177442894, -0.1405878409822909]]
405 [[51.53979431047846, -0.13549553932428768], [51.53959095738365, -0.13518807176175063]]
406 [[51.54467125863185, -0.15192495885452342], [51.544516794483926, -0.15203492524002762]]
407 [[51.523675813906046, -0.1415774033485454], [51.52361703875041, -0.14184354751119002]]
408 [[51.51768349921373, -0.13055985970134307], [51.51779843161423, -0.13025447472649335]]
409 [[51.520373231833695, -0.11878709350470215], [51.52049714224773, -0.1188772060211118]]
410 [[51.5176584675626, -0.12582792999625642], [51.51769793617433, -0.12573027345535426]]
411 [[51.52898606145529, -0.13190724516483812], [51.52904331059785, -0.13177419771229257]]
412 [[51.53877793618636, -0.13388431946467622], [51.53861577530686, -0.13370939079405902]]
413 [[51.54321955757696, -0.14423800339125833], [51.54368823158461, -0.1441745259709495]]
414 [[51.52442708631776, -0.13171487558202283], [51.52413990989366, -0.13140863034248015]]
415 [[51.52083633055513, -0.1328293992111015], [51.52092099714908, -0.1326360088275729]]
416 [[51.52426445895873, -0.11713903750966721], [51.52455352011796, -0.1173808549745766]]
417 [[51.52665512157324, -0.12121114506170104], [51.52651880010408, -0.12192855035660323]]
418 [[51.524152336333714, -0.13935462333996876], [51.524085806937606, -0.139661462056104]]
419 [[51.531849714191054, -0.1394878105678006], [51.53179959696607, -0.13977536687502246]]
420 [[51.54791731440832, -0.14127343200336503], [51.5478114209372, -0.14131987336625979]]
421 [[51.528529838615164, -0.1398774780996996], [51.52853091898532, -0.13964043490196504]]
422 [[51.53537272667948, -0.1333951045775645], [51.53535966698165, -0.13327155992705428]]
423 [[51.54834782555963, -0.17002435601758178], [51.548519034464455, -0.17052521397884526]]
424 [[51.51895008133959, -0.1352646219776843], [51.51907937247572, -0.1353995816554417]]
425 [[51.54867992633797, -0.15268403877701345], [51.5488218322082, -0.15278579981655013]]
426 [[51.53192922985073, -0.13251701640113972], [51.532236450227515, -0.1328026643201653]]
427 [[51.53810712146364, -0.14684978535466886], [51.537757344498374, -0.14663529486710317]]
428 [[51.523588584888515, -0.12220528421901072], [51.5234679924982, -0.1221200477205373]]
429 [[51.524097117344304, -0.1397790620484768], [51.524130762234634, -0.1396238892142597]]
430 [[51.525980079100925, -0.1225827032743486], [51.52581384923278, -0.122491133714018]]
431 [[51.55180260055923, -0.17144660042126783], [51.55172625610468, -0.1714041556218459]]
432 [[51.54169472294277, -0.13989094077814807], [51.54173795592584, -0.13972151741040134]]
433 [[51.55400943354214, -0.14047198863025812], [51.554178008888414, -0.14036469088496883]]
434 [[51.5284003506043, -0.12496494079947838], [51.528329146623044, -0.12515507550120678]]
435 [[51.52967606943289, -0.11909929602571641], [51.52977748269189, -0.11870790176481802]]
436 [[51.54000662430545, -0.1535195519260892], [51.540293685012635, -0.15418382093513702]]
437 [[51.52831869522245, -0.12637915927831087], [51.52818745576902, -0.1267143681225153]]
438 [[51.546618208866676, -0.14492273111629764], [51.54664432883248, -0.14450582470621257]]
439 [[51.542071051733444, -0.15765755321005537], [51.5419287372908, -0.15737770694191633]]
440 [[51.54122677672676, -0.1364515787893264], [51.5410714909143, -0.1369189934392387]]
441 [[51.550660058617694, -0.1696220441964679], [51.55072505800561, -0.16962085904005197]]
442 [[51.526927362885154, -0.13743625950437363], [51.52734449488713, -0.1379130090702591]]
443 [[51.52375798644561, -0.1411966178691565], [51.5237294906753, -0.14132930708096578]]
444 [[51.54916723992623, -0.14792527368544753], [51.54912847055417, -0.1478645403174784]]
445 [[51.53844800170777, -0.13782943779403906], [51.53853767720136, -0.13757323418280873]]
446 [[51.53421561190808, -0.14016321504760884], [51.53418663727819, -0.14018942949847124]]
447 [[51.52151574695993, -0.13306651559794055], [51.52139986025066, -0.13293793389003852]]
448 [[51.543037912223035, -0.16641690069780735], [51.54292426230686, -0.16638958230451403]]
449 [[51.52015540363612, -0.12057860892892637], [51.520004881446766, -0.12043927395369641]]
450 [[51.52307184282681, -0.11611415073254258], [51.52292240657464, -0.11599146963454422]]
451 [[51.51879092363493, -0.117280936198431], [51.51875169132748, -0.11745215570667122]]
452 [[51.523311773337625, -0.11631112394407633], [51.52322043975775, -0.11623614278187243]]
453 [[51.53477793426506, -0.13375888283680623], [51.53491855358793, -0.13343112451923617]]
454 [[51.523886380324065, -0.13113826614381985], [51.523630959173325, -0.13086588476106006]]
455 [[51.54420212874528, -0.138161587250491], [51.54414431483924, -0.13824729396987143]]
456 [[51.53637332153336, -0.1434371374777169], [51.53603883099771, -0.14312462211987584]]
457 [[51.54515740588466, -0.14183099729514986], [51.545171256825796, -0.1422162651301825]]
458 [[51.54030594259389, -0.1599733887448443], [51.54043348901264, -0.16025094680165655]]
459 [[51.54168181385507, -0.15697151640146276], [51.54185907088908, -0.15732007357211794]]
460 [[51.55712029017713, -0.16827084733716005], [51.5571042797504, -0.1682928348245319]]
461 [[51.55382525082362, -0.15534494853203853], [51.554047452816405, -0.15449910620266824]]
462 [[51.523464811516035, -0.11244879914255058], [51.5235790439577, -0.11229384381469838]]
463 [[51.534375496121, -0.14027294262314247], [51.5346067875533, -0.14046432308879006]]
464 [[51.52035578127608, -0.1339281036632129], [51.52046206520433, -0.13368897011435207]]
465 [[51.52482027698101, -0.1431894592472747], [51.52498726274663, -0.14314303494383995]]
466 [[51.52556089377064, -0.12961792399113606], [51.52540893921348, -0.12997751922252126]]
467 [[51.52480946748357, -0.13147580483210114], [51.5249209896544, -0.13119272038674507]]
468 [[51.54685354465347, -0.14359917665242417], [51.547016092622755, -0.143634743785135]]
469 [[51.5364991221204, -0.13892069818068944], [51.5362893169043, -0.13871928631858818]]
470 [[51.54291134756344, -0.1664241198458445], [51.54303289033137, -0.16645267282089102]]
471 [[51.54884325496395, -0.17201133159646248], [51.54888895962431, -0.17195537800745817]]
472 [[51.52647876702175, -0.1369673435381961], [51.52672492648343, -0.1372192018578985]]
473 [[51.51908949774271, -0.13103638386847516], [51.51930784884615, -0.13052116761710614]]
474 [[51.5538166214825, -0.16369142170748752], [51.553866422436265, -0.1640223772811484]]
475 [[51.5262262027136, -0.13671227087807053], [51.52637453099766, -0.13686110091202164]]
476 [[51.51794397960096, -0.12208537243620071], [51.517873667075804, -0.122258870459341]]
477 [[51.52400489013695, -0.14003751788039712], [51.52396052901887, -0.14024606661578168]]
478 [[51.53906077215787, -0.13621347606282322], [51.53885995031971, -0.13666847969856197]]
479 [[51.52643152539643, -0.12538983243444426], [51.5264761956989, -0.125265100805185]]
480 [[51.53932533065896, -0.13849285438983835], [51.53943999888211, -0.13814265883177154]]
481 [[51.52500684544392, -0.11605813123140075], [51.52523250599734, -0.11567961491776653]]
482 [[51.53658884063693, -0.1302391613781967], [51.536515652528855, -0.1301566126137616]]
483 [[51.52279555959388, -0.11566205954052644], [51.52279890283694, -0.11556194766926878]]
484 [[51.5399837977165, -0.15336869026123406], [51.53987516005446, -0.1530992249828608]]
485 [[51.53099708577528, -0.12994455362801652], [51.5310776931154, -0.13002719438263532]]
486 [[51.52064694443893, -0.13325413567089686], [51.52077953765252, -0.13295912004919785]]
487 [[51.554007273451894, -0.13841739348785653], [51.553977224319524, -0.13814616051592135]]
488 [[51.55602353208917, -0.14921578187579895], [51.555859597837944, -0.14906320623133307]]
489 [[51.53650708519738, -0.13758163133385087], [51.53646245964321, -0.13771972056400614]]
490 [[51.51596976140331, -0.12528679982161267], [51.51585393222664, -0.12574052987477025]]
491 [[51.54735912320348, -0.15435024170403583], [51.5471298663739, -0.15441734161492965]]
492 [[51.51703208567163, -0.12810949824117843], [51.51700298667341, -0.12825459704704734]]
493 [[51.546578933989665, -0.15809463235794158], [51.54644149341663, -0.15829009412074252]]
494 [[51.51722696626767, -0.1274404570890549], [51.51720119107708, -0.1275183346280584]]
495 [[51.544381319785025, -0.1440460798104195], [51.5442570091605, -0.1440613065771653]]
496 [[51.52178945091132, -0.13811367742607866], [51.52157523141642, -0.1378999256135823]]
497 [[51.534959476994814, -0.13333614406442235], [51.534979014979854, -0.1332907976990162]]
498 [[51.5335737741218, -0.1404603794403928], [51.5334483339259, -0.14046862892238718]]
499 [[51.526921827062814, -0.13716606345832325], [51.52733434899047, -0.13612368409152398]]
500 [[51.526561218847576, -0.11816099278513675], [51.52667227080274, -0.11806514674030914]]
501 [[51.519538726210286, -0.11766349245791705], [51.51947024999622, -0.11791231274251017]]
502 [[51.559258358232455, -0.1492815326567141], [51.559354445385026, -0.1493689327187294]]
503 [[51.52659481936365, -0.13470875191673487], [51.52647606171408, -0.13504222791469975]]
504 [[51.52094889154423, -0.11783756102611366], [51.52110525991633, -0.11802113937955282]]
505 [[51.52179997871322, -0.12038132661838771], [51.52192183335566, -0.1200341658232748]]
506 [[51.526106732461905, -0.12265247167824289], [51.526042939171816, -0.12261733043924015]]
507 [[51.52337466870709, -0.1112453945735949], [51.52343691753777, -0.11145751864040426]]
508 [[51.53691919876306, -0.1364457896385186], [51.537011831821175, -0.13617771396081277]]
509 [[51.527179777747556, -0.13946613450041934], [51.52718352977021, -0.13913725495952753]]
510 [[51.5266423237384, -0.12834696647644472], [51.52675765591955, -0.12847507683239312]]
511 [[51.52315133453098, -0.12505988827985706], [51.5231972040851, -0.12509542044172514]]
512 [[51.555569130558595, -0.16653129192842886], [51.55569405677114, -0.16660725981835028]]
513 [[51.54347906669808, -0.16253827418172706], [51.54328865247659, -0.16248781396600398]]
514 [[51.52211466397764, -0.12246821714011955], [51.52184898892596, -0.12222701267613095]]
515 [[51.524729991878445, -0.11748158393249503], [51.5243795189325, -0.11718839172522993]]
516 [[51.520341775395075, -0.11539001501740531], [51.52069196381503, -0.1155830554243393]]
517 [[51.56183855917692, -0.15016078152740214], [51.56185671752422, -0.15009262720328825]]
518 [[51.552530387144394, -0.1681367951067752], [51.552369036159526, -0.16839403637496214]]
519 [[51.52176443194478, -0.1305406600614255], [51.521494824804805, -0.1302371419271166]]
520 [[51.520607682394655, -0.1354106570752299], [51.52079606103239, -0.13561352854859898]]
521 [[51.52287485340114, -0.13782805374112322], [51.52283448241054, -0.13778371479625048]]
522 [[51.53153122293909, -0.13484577428274724], [51.531717863727465, -0.13433128989338766]]
523 [[51.52249047639958, -0.13608568739595556], [51.52261514853129, -0.13620139055779829]]
524 [[51.53002504365823, -0.1441581175242025], [51.52999600966284, -0.14437349821743692]]
525 [[51.52334767495533, -0.11788334333788254], [51.523200103312455, -0.11779343840449216]]
526 [[51.52428776290091, -0.13891090643098658], [51.52425851225504, -0.13904133431048704]]
527 [[51.52866432467007, -0.12029782955489528], [51.52867759873232, -0.12002004773203702]]
528 [[51.519404163238534, -0.13029586686247988], [51.519589268393474, -0.12986388345174793]]
529 [[51.554871547574876, -0.17146148759731855], [51.55499921598454, -0.171277839778181]]
530 [[51.515652778813525, -0.12295041126630127], [51.51570089083153, -0.12286414976517764]]
531 [[51.52947244385927, -0.11977326719618832], [51.52954139034816, -0.11955370520263585]]
532 [[51.51702604105329, -0.11528537866773576], [51.51655082115488, -0.11499522737553147]]
533 [[51.52140981059057, -0.12152317569086316], [51.52145288689734, -0.12139435552497004]]
534 [[51.5340968441336, -0.1460072553039897], [51.53408703616175, -0.146112370047314]]
535 [[51.5402809651596, -0.14289454918335617], [51.54026569721905, -0.1430993515408121]]
536 [[51.54470857668316, -0.13894429949400547], [51.54477910914617, -0.1391014954493867]]
537 [[51.5452000391195, -0.142015612335775], [51.545195319634885, -0.14188433853988683]]
538 [[51.52636141494142, -0.13679698173402013], [51.526073515847585, -0.1365120634711611]]
539 [[51.536423087101255, -0.13784155488312583], [51.53638504141341, -0.13795928338742144]]
540 [[51.52559659239272, -0.13040534204523427], [51.52578772727003, -0.13061306391300334]]
541 [[51.538583682355245, -0.15530602058145407], [51.53866714131928, -0.15554955689775476]]
542 [[51.524894842977226, -0.13224978983437527], [51.525291732591725, -0.13264911211825126]]
543 [[51.555617411346105, -0.1392790040606727], [51.55551734408182, -0.1393490352116421]]
544 [[51.52284643259138, -0.12734027392457847], [51.522747459386686, -0.1272389434614218]]
545 [[51.52648751947514, -0.1261168213507542], [51.526396471932124, -0.12603353857013208]]
546 [[51.539479540925925, -0.14765151230881132], [51.539412995942776, -0.14761341077385692]]
547 [[51.55554011483846, -0.16542035805427807], [51.555510766990345, -0.1654718506455856]]
548 [[51.54588478550756, -0.16218820635431566], [51.54568345470301, -0.16248589051829354]]
549 [[51.52008512576522, -0.11956425522266399], [51.52025988235407, -0.11971297420800388]]
550 [[51.5229575888367, -0.1357526521999484], [51.52300254714576, -0.135636108870069]]
551 [[51.52347858280856, -0.1280536929218266], [51.52370483227691, -0.12829439798344275]]
552 [[51.553976979048855, -0.13814394662527518], [51.553913121955325, -0.13756755230405282]]
553 [[51.524980105118864, -0.1431450226664485], [51.52522014217237, -0.14308223786634694]]
554 [[51.555546532912444, -0.16548174517900072], [51.55556681214936, -0.16544616401970863]]
555 [[51.542276145231725, -0.14140050655139594], [51.54224986369073, -0.14137793286346403]]
556 [[51.554285284825994, -0.172270931918992], [51.55443175053628, -0.1720929577187996]]
557 [[51.52245603745777, -0.126740558685513], [51.52260505610489, -0.12637294897214293]]
558 [[51.54660457213583, -0.1577289428977689], [51.54652225287546, -0.15745259675777584]]
559 [[51.51988763955563, -0.11621690467033971], [51.51985477695825, -0.11635032730623325]]
560 [[51.52282755662361, -0.13588900791929004], [51.52280422592302, -0.13586774676316643]]
561 [[51.53780155467696, -0.143294878774457], [51.53826493561548, -0.1437191504600137]]
562 [[51.5211433942465, -0.11892339727737093], [51.521181627635954, -0.11894512234948511]]
563 [[51.52673647153974, -0.13717954869801374], [51.52652007426439, -0.13695814159147726]]
564 [[51.54560941427831, -0.14216287958739265], [51.54565381577329, -0.1419115976372247]]
565 [[51.52635244984275, -0.12551538096536796], [51.52629992903655, -0.12567534874410163]]
566 [[51.54128721656393, -0.1378181238728944], [51.54130849886738, -0.1377547414708223]]
567 [[51.54811464110208, -0.14127801505330045], [51.54833517702115, -0.14121353464375422]]
568 [[51.526836002081296, -0.1357842388257715], [51.52648081556531, -0.13664519502388395]]
569 [[51.523582711873736, -0.13512312066771529], [51.523704935548565, -0.13479362136557646]]
570 [[51.54344087758914, -0.13216933689986268], [51.54332452011647, -0.13196527248518286]]
571 [[51.51642244186236, -0.12629797481327326], [51.51659185655647, -0.1261855579140462]]
572 [[51.53191095200942, -0.1338193588261229], [51.531781213160045, -0.13410741291614794]]
573 [[51.528515943255314, -0.14295137176274875], [51.52851634038059, -0.14271997749482251]]
574 [[51.549391971727964, -0.1385265913805331], [51.548754476946876, -0.13865956296682921]]
575 [[51.539905446025834, -0.1315938392348698], [51.54013357640951, -0.13167105751791544]]