4255327
513773775
166364166
17513387
75302744
7970886
75302744
166364166
166364166
75302744
7970886
166364166
75302744
438310842
75302744
75302744
438310842
75302744
513773776
28921472
421467896
28921472
23040839
28921472
23040839
75815438
75815438
30613614
28921472
75815438
30613614
23040839
28921472
30613614
673432299
673432299
4256871
4256871
23235776
23235776
28023303
66713969
66713969
208175120
544787766
100511755
4255329
563011889
146971009
563011889
25859274
293095704
293095704
664293384
654853004
674012316
188956011
222304791
344304
344304
344304
344304
344304
344304
344304
102145347
208294315
25859274
25859274
25859274
296895510
296895519
296895520
296895522
296895515
2599187
297002926
332219168
332219168
332219168
5082639
5082639
5082639
332219168
53650454
5082639
332219168
5082639
5082639
53650454
332219168
5082639
53650454
332219168
5082639
53650454
5082639
7744551
53650454
7744551
53650454
7744551
7744551
199040668
199040668
7744551
199040668
7744551
7744551
199040668
7744551
199040668
199040668
199040668
199040668
7744551
257778375
473673101
473673101
560896052
4253218
4253215
17513388
4253218
303982842
438304614
4253218
4253562
553157384
741348615
24465847
24465847
4615507
43573213
589658510
589658510
4393581
4615507
589685095
4253551
589685094
555832951
319017443
4253554
319017443
4253554
2876892
67551928
67551928
67551928
2876892
2876892
2876892
438310842
2876892
2876892
3087449
3087449
505690878
3087449
49934785
49934785
8173099
8173099
17513383
18309858
4059306
332577713
4059307
4059308
4059306
4059306
148519536
288506479
148519536
148519536
148519546
4276391
4276391
4276391
4276391
4254070
251334875
438301431
438301431
438301430
438301431
4254070
4254070
37458969
438301430
217242019
155450998
4393280
4256573
570440741
156097875
156097875
48959575
48959576
156097875
156097875
608160923
608160977
3754020
84698718
84698718
84698722
88689770
4256582
4256586
582946708
4256582
582952346
582946706
4236991
4615506
148386201
148386201
148386201
148386201
148386201
236140104
236140104
251325041
129373076
129373076
4257222
26785612
4257251
207528496
4257251
4257250
4257251
4257240
4257240
26785614
4257254
199773280
246017142
210336727
246017140
130885443
246017140
4798900
130885443
4798900
130885443
130885443
259286470
4798900
130885443
130885443
4798900
130885443
130885443
4798900
130885443
4798900
34022688
199773279
199773279
199773279
199773279
676195905
6244589
676195905
676195905
676195905
676195905
676195905
676195905
676195905
534024686
27548816
534024686
534024686
30073399
30097634
534024686
534024686
246802103
534024686
246802103
534024686
157467035
534024686
534024686
157467036
534024686
47009633
47009633
47009633
47009633
47009633
47009633
47009633
47009633
517047608
48379497
48379493
233811551
203981674
203981674
197477212
233811549
233811549
233811549
233811549
233811549
690824735
690824735
690824735
690824735
233811579
2467171
233811551
48379493
233811549
48379490
537859982
146590642
47009514
30079951
199522688
116353211
52918815
