-0.1109298, 51.5170022
-0.1247329, 51.5216879
-0.1259683, 51.5219368
-0.1267369, 51.5216897
-0.1251921, 51.521578
-0.127283, 51.5219863
-0.125949, 51.521779
-0.1258382, 51.5224541
-0.1263237, 51.5216724
-0.1257868, 51.5216621
-0.1270118, 51.5217963
-0.1265965, 51.5217523
-0.1252848, 51.5215356
-0.1261872, 51.5210739
-0.1260271, 51.521516
-0.1256649, 51.5215972
-0.1260077, 51.5212632
-0.126181, 51.5216245
-0.1258732, 51.5220343
-0.1150673, 51.520158
-0.1139974, 51.5190981
-0.1151739, 51.5203596
-0.1147515, 51.5195355
-0.115387, 51.5207629
-0.1148304, 51.5196773
-0.1140631, 51.5184608
-0.114211, 51.5188203
-0.1134573, 51.519231
-0.1149607, 51.5199564
-0.1141127, 51.5186209
-0.1135078, 51.5191099
-0.1149035, 51.5198088
-0.1152804, 51.5205612
-0.1137249, 51.5191811
-0.1183959, 51.5191483
-0.1189026, 51.5191717
-0.1186298, 51.5194317
-0.1192446, 51.5192358
-0.1145805, 51.5229975
-0.1146434, 51.5229754
-0.116485, 51.522874
-0.1504275, 51.5174465
-0.1500413, 51.5175134
-0.1110736, 51.5177858
-0.1115704, 51.5178016
-0.1116502, 51.516396
-0.111102, 51.5164708
-0.1119454, 51.516863
-0.1105544, 51.5170116
-0.1118113, 51.5173562
-0.115416, 51.5434455
-0.1585703, 51.5242219
-0.1588679, 51.5242455
-0.1591943, 51.5243913
-0.1595805, 51.5246396
-0.1599434, 51.5227772
-0.1724771, 51.5199807
-0.1730395, 51.5199907
-0.1680887, 51.5202473
-0.1691039, 51.5200354
-0.1686198, 51.520128
-0.1713235, 51.5199428
-0.1696175, 51.5199712
-0.1707441, 51.5199353
-0.1701781, 51.5199353
-0.1718954, 51.5199715
-0.1777754, 51.5194771
-0.1158597, 51.5433236
-0.1157148, 51.5433632
-0.1155717, 51.5434026
-0.1743534, 51.5431733
-0.1745741, 51.5434126
-0.1748362, 51.5435812
-0.175135, 51.5437302
-0.1747483, 51.5437776
-0.1752552, 51.5439557
-0.1753759, 51.5441385
-0.1591924, 51.5366749
-0.1590996, 51.5369101
-0.1590341, 51.5371195
-0.1601169, 51.5373895
-0.1597301, 51.5373916
-0.1593543, 51.5373976
-0.1589565, 51.5373986
-0.1604585, 51.5375267
-0.1601874, 51.5375319
-0.1588934, 51.5376024
-0.1590559, 51.5376814
-0.1599742, 51.5377276
-0.1607039, 51.5377593
-0.1588195, 51.5378686
-0.1597507, 51.5379243
-0.1609272, 51.5379878
-0.1587473, 51.5381167
-0.1595501, 51.5381203
-0.1611187, 51.5381791
-0.1593404, 51.538316
-0.158676, 51.5383642
-0.1612925, 51.538365
-0.1591307, 51.5385031
-0.1614663, 51.5385716
-0.1586104, 51.5386107
-0.1589278, 51.5386955
-0.1617636, 51.5387836
-0.1615642, 51.5388101
-0.1586823, 51.538904
-0.1615548, 51.5390418
-0.1584465, 51.5390519
-0.1583542, 51.5392745
-0.1615342, 51.5393028
-0.1582332, 51.5394951
-0.161023, 51.5395719
-0.160762, 51.5396668
-0.1615884, 51.5397929
-0.1615982, 51.5400438
-0.16161, 51.5402714
-0.105215, 51.5222943
-0.1259552, 51.5187047
-0.1261637, 51.5186117
-0.1251894, 51.5185658
-0.1242118, 51.5182412
-0.1245088, 51.5185024
-0.1242875, 51.5189388
-0.1239999, 51.5181902
-0.1236492, 51.5179257
-0.1238175, 51.517889
-0.1242305, 51.518426
-0.1259425, 51.518141
-0.1258372, 51.5179261
-0.1248132, 51.5172852
-0.1253316, 51.51746
-0.1254851, 51.5177179
-0.1262482, 51.5174254
-0.1259364, 51.5169898
-0.1254241, 51.5165925
-0.1257104, 51.5168788
-0.1257192, 51.516999
-0.12609, 51.5172777
-0.1269107, 51.5174579
-0.1265027, 51.5176013
-0.1263176, 51.5176426
-0.1267334, 51.5174479
-0.1274009, 51.5178047
-0.1270998, 51.5178431
-0.1271273, 51.5179462
-0.1268557, 51.5175965
-0.1245008, 51.5191024
-0.125119, 51.5179057
-0.1249011, 51.5180584
-0.1246691, 51.5180991
-0.1251324, 51.5196173
-0.1248387, 51.519369
-0.1246845, 51.5192363
-0.126215, 51.5205625
-0.1261007, 51.520418
-0.1254657, 51.5198977
-0.1279145, 51.5219822
-0.1279776, 51.5218186
-0.1284657, 51.5221574
-0.1281948, 51.5221683
-0.1271608, 51.5207555
-0.1272286, 51.520854
-0.1294092, 51.5240891
-0.1296794, 51.5238459
-0.1299839, 51.5241951
-0.1313116, 51.5239481
-0.1320679, 51.5248438
-0.1319027, 51.524688
-0.1334251, 51.525851
-0.1330436, 51.5259623
-0.1329115, 51.5254776
-0.1325393, 51.5253136
-0.1234309, 51.5138347
-0.1234272, 51.5136579
-0.124018, 51.514065
-0.1235975, 51.5137963
-0.12414, 51.5143851
-0.12391, 51.5149877
-0.1234051, 51.5152756
-0.1244294, 51.5146955
-0.124492, 51.5145591
-0.1236646, 51.515478
-0.1234882, 51.515619
-0.1246744, 51.5146843
-0.1247891, 51.5146288
-0.1251351, 51.5147035
-0.1248769, 51.5147999
-0.1248059, 51.5149597
-0.1244974, 51.5151245
-0.125166, 51.5143822
-0.1253846, 51.5146279
-0.1244954, 51.5135684
-0.1269885, 51.5136602
-0.1271548, 51.5137875
-0.1074459, 51.5206983
-0.1073648, 51.520419
-0.1087515, 51.5211139
-0.1085463, 51.5209266
-0.1086174, 51.5205715
-0.1083612, 51.520715
-0.1087227, 51.5214884
-0.1088595, 51.5216768
-0.1093664, 51.5220815
-0.1085698, 51.522119
-0.1095146, 51.5221695
-0.1099505, 51.5219438
-0.1100671, 51.5220806
-0.1077618, 51.5221829
-0.1081561, 51.5219313
-0.1079458, 51.5217779
-0.1083452, 51.5218336
-0.1059801, 51.5203721
-0.1073045, 51.5211273
-0.1065125, 51.5213709
-0.1067452, 51.5217168
-0.1194435, 51.5144598
-0.1194911, 51.5143688
-0.119196, 51.5142403
-0.1187374, 51.5137704
-0.1186019, 51.5137963
-0.1189268, 51.5141424
-0.1184638, 51.5135816
-0.1176015, 51.513664
-0.1178422, 51.5140416
-0.1180159, 51.5142653
-0.1453999, 51.5252702
-0.1450418, 51.5253245
-0.1455729, 51.5250145
-0.1441218, 51.5250403
-0.1439656, 51.5256937
-0.1440953, 51.5244882
-0.1422858, 51.525604
-0.1429202, 51.5255656
-0.1427874, 51.5256903
-0.1380265, 51.5265522
-0.1377127, 51.5266674
-0.1394494, 51.5262694
-0.1408535, 51.5261259
-0.1201976, 51.5584212
-0.1203879, 51.5582405
-0.12064, 51.5584459
-0.1204883, 51.5586027
-0.121032, 51.558655
-0.1207531, 51.5588018
-0.1213458, 51.5591903
-0.1215819, 51.5590686
-0.1210351, 51.5589977
-0.1212912, 51.5588448
-0.1218421, 51.5592947
-0.1216409, 51.5593869
-0.1220494, 51.5596536
-0.1222547, 51.5595563
-0.122641, 51.5598128
-0.1224621, 51.5599139
-0.1227019, 51.5598558
-0.1226247, 51.5598988
-0.1226308, 51.5600491
-0.1227263, 51.5599784
-0.1228097, 51.5601692
-0.1230373, 51.5600757
-0.1232183, 51.5604308
-0.1234175, 51.5603373
-0.1237773, 51.5606545
-0.123576, 51.560729
-0.1068766, 51.5389784
-0.1067701, 51.5387551
-0.1069756, 51.5386941
-0.1067748, 51.5386157
-0.1069943, 51.5384123
-0.1068027, 51.5382286
-0.1070362, 51.5380509
-0.1068306, 51.5378414
-0.1069611, 51.5375471
-0.1068699, 51.5374153
-0.1070872, 51.537422
-0.1069826, 51.5372485
-0.1069048, 51.5370699
-0.1069209, 51.5368714
-0.1069585, 51.5365928
-0.1070014, 51.5362608
-0.1072045, 51.5360856
-0.1072208, 51.5359113
-0.107055, 51.5357893
-0.1072418, 51.5356993
-0.1070807, 51.5355075
-0.1072838, 51.5353928
-0.1071274, 51.535172
-0.1072955, 51.5350268
-0.1071111, 51.5348801
-0.1072488, 51.5347712
-0.1070994, 51.5345359
-0.1071531, 51.5343906
-0.1069686, 51.5343035
-0.1070714, 51.5341335
-0.1069102, 51.5340013
-0.106971, 51.5338561
-0.1069219, 51.5337806
-0.1066791, 51.5336963
-0.1067211, 51.5335787
-0.1064409, 51.5334959
-0.1064006, 51.5333243
-0.1055536, 51.5334494
-0.1054018, 51.533644
-0.1052641, 51.5338532
-0.105173, 51.5340391
-0.1051533, 51.5343867
-0.1053871, 51.5341996
-0.105564, 51.5339341
-0.1057347, 51.5337305
-0.1059055, 51.5335484
-0.1063563, 51.532269
-0.1061344, 51.5323591
-0.1063409, 51.5325852
-0.1060774, 51.5326523
-0.1062856, 51.5328617
-0.1059724, 51.5328066
-0.1057742, 51.5331842
-0.1062541, 51.5331901
-0.1059167, 51.5333484
-0.1060731, 51.5330601
-0.10771, 51.5277654
-0.1076703, 51.5276325
-0.1133478, 51.5369861
-0.1122757, 51.5369455
-0.1434192, 51.5238439
-0.143041, 51.523808
-0.143332, 51.5239473
